996 996
0 (
0 (
0 )
0 (
0 (
5 (
6 )
7 )
8 )
9 )
10 (
11 )
12 )
13 )
14 (
15 )
16 )
17 )
18 )
19 (
20 )
21 )
22 )
23 )
24 (
25 )
26 )
27 (
28 )
29 )
30 )
31 (
32 (
33 (
34 (
35 )
36 (
37 )
38 (
39 )
40 )
41 )
42 (
43 )
44 )
45 )
46 )
47 (
48 )
49 (
50 (
51 )
52 )
53 )
54 (
55 (
56 (
57 )
58 )
59 )
60 )
61 )
62 )
63 (
64 (
65 )
66 )
67 (
68 (
69 (
70 )
71 )
72 )
73 (
74 (
75 )
76 )
77 )
78 (
79 (
80 (
81 (
82 )
83 )
84 )
85 (
86 )
87 )
88 (
89 )
90 )
91 )
92 )
93 (
94 )
95 )
96 )
97 (
98 (
99 (
100 (
101 (
102 (
103 )
104 (
105 (
106 (
107 (
108 )
109 )
110 (
111 )
112 (
113 (
114 (
115 )
116 )
117 (
118 (
119 )
120 )
121 )
122 )
123 (
124 )
125 )
126 (
127 (
128 (
129 (
130 (
131 (
132 (
133 )
134 )
135 (
136 )
137 )
138 )
139 (
140 (
141 )
142 (
143 )
144 )
145 (
146 (
147 (
148 )
149 )
150 (
151 (
152 (
153 (
154 (
155 (
156 (
157 )
158 (
159 )
160 )
161 (
162 )
163 )
164 )
165 )
166 )
167 (
168 (
169 )
170 (
171 )
172 (
173 )
174 )
175 (
176 (
177 (
178 (
179 (
180 (
181 (
182 (
183 (
184 (
185 (
186 )
187 (
188 )
189 (
190 )
191 (
192 (
193 )
194 )
195 )
196 (
197 )
198 )
199 )
200 )
201 )
202 )
203 )
204 )
205 (
206 (
207 (
208 (
209 )
210 (
211 )
212 )
213 )
214 (
215 (
216 )
217 (
218 (
219 )
220 (
221 (
222 )
223 (
224 (
225 )
226 (
227 )
228 )
229 (
230 (
231 (
232 )
233 )
234 (
235 (
236 )
237 )
238 (
239 )
240 (
241 )
242 (
243 (
244 (
245 )
246 (
247 (
248 )
249 )
250 )
251 )
252 )
253 (
254 (
255 (
256 (
257 )
258 (
259 )
260 (
261 (
262 (
263 (
264 )
265 )
266 (
267 (
268 (
269 (
270 )
271 (
272 (
273 (
274 )
275 )
276 (
277 )
278 )
279 )
280 )
281 (
282 )
283 (
284 )
285 )
286 (
287 (
288 (
289 )
290 )
291 )
292 (
293 )
294 )
295 (
296 )
297 (
298 (
299 (
300 (
301 (
302 )
303 )
304 (
305 (
306 (
307 )
308 (
309 )
310 (
311 (
312 )
313 (
314 )
315 )
316 )
317 )
318 (
319 (
320 (
321 )
322 (
323 (
324 (
325 )
326 (
327 )
328 )
329 )
330 (
331 (
332 (
333 )
334 )
335 )
336 (
337 )
338 )
339 )
340 (
341 )
342 )
343 )
344 (
345 (
346 )
347 (
348 )
349 (
350 (
351 )
352 )
353 (
354 )
355 )
356 (
357 (
358 )
359 (
360 (
361 (
362 (
363 )
364 (
365 )
366 (
367 (
368 )
369 )
370 (
371 )
372 (
373 (
374 (
375 (
376 )
377 )
378 (
379 (
380 )
381 )
382 (
383 (
384 (
385 )
386 )
387 (
388 (
389 (
390 )
391 (
392 )
393 (
394 )
395 )
396 (
397 (
398 (
399 (
400 (
401 )
402 (
403 )
404 )
405 (
406 (
407 (
408 (
409 )
410 (
411 (
412 (
413 )
414 )
415 )
416 )
417 (
418 (
419 )
420 )
421 (
422 (
423 )
424 (
425 )
426 )
427 (
428 )
429 (
430 )
431 )
432 )
433 )
434 (
435 )
436 )
437 )
438 (
439 (
440 )
441 (
442 )
443 (
444 )
445 (
446 (
447 (
448 (
449 )
450 (
451 )
452 (
453 (
454 )
455 (
456 (
457 )
458 (
459 )
460 (
461 )
462 (
463 )
464 )
465 (
466 (
467 (
468 (
469 )
470 (
471 (
472 (
473 )
474 )
475 (
476 (
477 (
478 )
479 (
480 (
481 )
482 )
483 )
484 )
485 (
486 )
487 )
488 )
489 (
490 (
491 )
492 )
493 (
494 (
495 (
496 )
497 (
498 (
499 )
500 (
501 (
502 )
503 (
504 (
505 )
506 (
507 )
508 )
509 (
510 )
511 (
512 (
513 )
514 )
515 )
516 (
517 )
518 )
519 (
520 )
521 (
522 )
523 )
524 )
525 )
526 )
527 )
528 )
529 (
530 )
531 )
532 )
533 (
534 )
535 (
536 (
537 (
538 (
539 (
540 (
541 )
542 )
543 (
544 (
545 )
546 (
547 (
548 (
549 (
550 (
551 (
552 )
553 )
554 )
0 )
556 (
557 )
558 )
559 (
560 )
561 )
562 (
563 (
564 )
565 (
566 (
567 )
568 )
569 (
570 (
571 )
572 (
573 )
574 (
575 (
576 (
577 )
578 )
579 (
580 (
581 )
582 )
583 (
584 (
585 (
586 )
587 )
588 (
589 (
590 )
591 (
592 )
593 (
594 )
595 (
596 )
597 (
598 )
599 (
600 )
601 (
602 (
603 (
604 (
605 (
606 )
607 )
608 )
609 (
610 (
611 )
612 (
613 (
614 (
615 (
616 )
617 )
618 )
619 )
620 )
621 (
622 )
623 (
624 (
625 (
626 (
627 (
628 )
629 )
630 )
631 (
632 (
633 (
634 (
635 (
636 )
637 )
638 )
639 (
640 )
641 )
642 (
643 (
644 (
645 (
646 (
647 )
648 )
649 (
650 (
651 (
652 )
653 )
654 (
655 (
656 )
657 (
658 (
659 (
660 (
661 (
662 (
663 )
664 )
665 )
666 )
667 (
668 )
669 )
670 (
671 )
672 )
673 (
674 )
675 (
676 )
677 (
678 (
679 )
680 )
681 (
682 )
683 )
684 (
685 )
686 )
687 (
688 (
689 (
690 (
691 )
692 (
693 )
694 (
695 )
696 (
697 (
698 (
699 (
700 (
701 (
702 )
703 (
704 (
705 )
706 )
707 )
708 (
709 (
710 (
711 (
712 (
713 (
714 (
715 (
716 )
717 (
718 (
719 (
720 (
721 )
722 (
723 (
724 )
725 (
726 (
727 )
728 (
729 )
730 )
731 (
732 )
733 (
734 (
735 (
736 (
737 )
738 (
739 )
740 )
741 )
742 (
743 (
744 (
745 (
746 )
747 (
748 (
749 )
750 )
751 )
752 )
753 (
754 (
755 )
756 )
757 (
758 )
759 )
760 (
761 (
762 (
763 )
764 )
765 (
766 (
767 (
768 )
769 )
770 (
771 )
772 (
773 )
774 )
775 )
776 (
777 )
778 )
779 )
780 )
781 (
782 )
783 (
784 )
785 )
786 )
787 (
788 (
789 (
790 )
791 (
792 (
793 (
794 (
795 (
796 (
797 )
798 )
799 (
800 (
801 )
802 )
803 (
804 (
805 (
806 )
807 )
808 (
809 )
810 )
811 )
812 )
813 (
814 )
815 )
816 (
817 (
818 (
819 )
820 (
821 (
822 (
823 )
824 (
825 (
826 (
827 )
828 (
829 )
830 )
831 (
832 (
833 )
834 (
835 )
836 (
837 )
838 (
839 )
840 (
841 (
842 )
843 (
844 )
845 )
846 )
847 )
848 (
849 (
850 )
851 )
852 (
853 (
854 (
855 (
856 )
857 (
858 (
859 (
860 (
861 (
862 )
863 )
864 (
865 (
866 )
867 )
868 (
869 )
870 (
871 )
872 )
873 (
874 )
875 (
876 )
877 )
878 )
879 )
880 )
881 )
882 (
883 )
884 (
885 (
886 )
887 )
888 )
889 (
890 )
891 (
892 (
893 )
894 (
895 (
896 )
897 )
898 )
899 )
900 (
901 )
902 )
903 )
904 (
905 )
906 (
907 )
908 (
909 (
910 (
911 )
912 (
913 )
914 (
915 (
916 )
917 )
918 )
919 )
920 (
921 )
922 )
923 (
924 )
925 )
926 )
927 )
928 (
929 (
930 (
931 (
932 )
933 )
934 )
935 (
936 )
937 )
938 (
939 (
940 (
941 (
942 )
943 )
944 )
945 (
946 (
947 (
948 (
949 (
950 (
951 )
952 (
953 (
954 (
955 (
956 (
957 (
958 (
959 (
960 (
961 (
962 (
963 (
964 (
965 )
966 )
967 )
968 (
969 )
970 )
971 )
972 )
973 )
974 (
975 )
976 )
977 (
978 (
979 )
980 )
981 (
982 )
983 )
984 )
985 )
986 (
987 (
988 )
989 (
990 )
991 (
992 )
993 )
994 )
F 109 465
Q 832 730
Q 477 441
F 478 211
F 386 835
F 624 574
Q 603 661
Q 200 477
Q 64 178
F 102 527
Q 639 332
Q 68 508
F 930 913
F 766 678
Q 723 509
F 144 321
Q 863 379
F 502 605
F 559 917
F 131 666
F 743 225
F 572 676
Q 937 829
F 602 440
F 234 835
F 646 219
Q 458 89
Q 585 61
F 405 169
Q 141 468
Q 8 432
F 218 905
Q 286 896
F 919 871
Q 424 400
F 958 835
F 295 773
Q 235 323
Q 124 598
F 673 899
F 152 486
F 411 116
F 64 992
F 789 127
Q 283 38
F 897 166
F 827 860
F 400 368
Q 557 576
Q 197 859
F 669 330
F 869 281
F 769 705
F 63 479
Q 36 390
F 658 857
F 902 25
F 188 9
Q 778 673
F 773 139
F 756 52
F 179 945
Q 315 755
F 308 619
F 549 847
F 207 489
F 546 385
Q 259 32
F 138 439
F 1 127
F 555 398
Q 479 423
F 541 478
F 8 892
F 803 816
F 51 128
Q 763 599
Q 708 472
F 17 86
Q 497 58
F 58 257
Q 632 591
F 586 326
F 756 446
F 41 389
F 482 611
F 31 971
Q 22 596
Q 345 995
Q 37 709
F 660 93
Q 49 799
Q 204 948
Q 722 536
F 769 58
Q 631 384
F 459 86
Q 74 134
F 798 681
Q 576 300
F 115 501
Q 853 968
F 308 411
F 861 105
Q 641 83
Q 146 77
Q 205 957
F 161 444
F 533 293
F 315 440
F 6 833
Q 374 698
F 960 503
Q 904 37
Q 765 10
Q 167 317
F 72 566
F 529 266
F 191 688
Q 254 598
Q 610 89
F 211 568
F 77 978
F 681 482
Q 411 431
Q 814 193
F 917 837
F 159 631
F 530 734
F 526 478
Q 28 750
F 209 615
Q 491 80
F 264 549
Q 639 376
F 707 974
Q 408 99
Q 376 137
Q 137 37
Q 751 874
F 49 702
Q 599 727
F 861 829
F 28 64
F 457 424
Q 156 373
F 706 351
F 774 162
Q 244 947
Q 377 899
Q 18 249
F 570 389
Q 918 216
F 633 109
F 908 375
F 269 903
F 668 811
Q 453 765
F 887 884
F 130 809
F 264 194
F 834 491
F 872 419
Q 439 651
F 416 195
F 508 611
Q 689 374
F 218 777
F 920 140
F 754 255
F 27 410
Q 474 774
Q 351 936
F 990 40
F 975 724
F 825 360
Q 496 718
F 260 160
Q 614 236
Q 966 342
F 871 572
Q 236 863
Q 386 943
Q 111 835
F 227 243
F 131 812
F 189 572
F 242 66
Q 112 759
F 389 595
F 508 936
Q 878 316
Q 120 374
Q 886 815
F 583 332
Q 988 370
Q 648 210
F 291 191
F 85 828
F 981 326
F 983 653
F 213 908
F 687 823
F 653 484
F 207 731
Q 466 863
F 414 976
Q 267 595
Q 365 28
F 513 697
Q 660 190
Q 446 312
Q 684 581
F 492 660
F 229 905
F 232 335
Q 467 646
F 50 926
Q 708 113
F 495 928
F 162 123
F 849 99
Q 686 824
Q 118 66
F 87 686
Q 175 833
Q 220 413
F 178 207
F 111 749
F 563 446
F 611 966
Q 556 105
Q 124 446
Q 383 634
Q 558 221
F 716 829
F 286 517
Q 274 848
Q 224 504
F 645 756
F 265 491
Q 421 40
Q 76 155
Q 990 32
Q 319 594
F 137 404
F 495 323
F 85 362
F 661 498
Q 165 637
F 806 627
F 860 419
Q 773 948
Q 138 946
F 663 960
Q 462 498
Q 960 390
Q 876 177
Q 443 67
F 485 750
Q 939 840
F 452 43
F 608 536
Q 659 174
F 923 40
Q 638 691
F 298 91
Q 371 904
Q 995 448
Q 399 8
F 52 824
Q 191 291
Q 135 469
F 246 661
Q 170 865
Q 338 186
F 561 548
Q 433 851
F 850 365
Q 398 11
Q 618 697
F 72 883
Q 58 657
Q 241 457
Q 260 176
F 270 878
Q 190 877
Q 82 464
F 498 379
Q 553 704
Q 749 181
Q 591 484
Q 946 848
Q 540 983
F 983 902
F 79 654
Q 857 114
Q 717 522
Q 937 389
Q 907 517
Q 726 130
Q 471 454
Q 582 773
F 642 52
Q 115 516
F 476 453
Q 511 883
Q 163 431
F 901 550
Q 478 863
F 816 144
Q 164 30
F 636 481
Q 587 855
F 180 967
Q 299 234
Q 24 637
Q 955 217
F 316 189
F 71 441
Q 456 716
F 686 825
F 824 963
Q 734 824
Q 671 100
F 745 780
F 64 929
Q 258 816
Q 216 68
Q 869 475
F 3 943
Q 746 428
Q 44 282
Q 676 846
Q 455 94
F 745 296
F 853 659
F 729 527
Q 394 9
Q 216 798
F 67 4
Q 603 878
Q 180 190
F 574 331
F 613 450
F 110 362
F 880 425
F 9 4
Q 47 827
Q 704 599
F 707 642
Q 504 851
Q 403 882
Q 52 336
F 582 238
F 705 170
Q 742 877
Q 558 152
Q 231 672
Q 634 509
Q 110 490
Q 832 843
F 310 109
Q 439 914
F 316 505
F 170 244
F 374 871
F 516 58
F 986 451
F 63 399
F 287 436
F 413 371
Q 523 766
Q 172 107
F 783 597
F 28 878
F 164 954
F 62 319
Q 463 484
F 539 937
F 491 568
Q 41 878
F 329 763
F 881 524
Q 365 891
F 854 161
Q 827 552
F 860 890
F 499 277
F 240 658
F 96 311
F 503 199
Q 831 833
F 872 797
F 508 148
Q 315 854
F 718 733
Q 171 461
F 239 268
F 363 94
F 916 743
F 829 29
Q 674 51
Q 838 730
Q 526 637
F 366 786
Q 823 69
Q 902 144
F 529 603
Q 486 750
F 420 439
Q 694 492
F 807 302
Q 655 800
F 465 757
Q 551 460
Q 641 649
Q 152 272
F 501 3
F 556 945
Q 167 790
F 493 398
Q 600 67
F 51 632
Q 209 412
Q 956 561
F 904 547
F 743 928
Q 170 104
F 677 664
Q 738 889
Q 151 681
Q 53 594
F 3 254
F 356 630
F 108 908
F 875 124
F 127 103
F 794 212
F 801 236
F 581 956
Q 238 579
F 691 194
Q 496 653
Q 856 272
Q 885 504
F 188 470
Q 116 741
F 731 431
Q 218 846
F 498 978
Q 599 657
F 181 731
F 147 393
F 94 514
F 72 19
F 678 987
F 625 899
Q 798 794
Q 928 136
F 469 929
F 339 161
Q 843 555
Q 903 161
Q 773 907
Q 593 53
F 167 265
F 114 84
Q 734 439
Q 53 35
F 591 0
Q 972 250
Q 259 541
F 115 162
F 285 357
Q 763 660
Q 424 102
F 419 58
Q 88 252
Q 90 29
Q 15 729
Q 497 478
Q 377 318
Q 423 980
Q 341 352
F 329 770
F 502 454
Q 141 92
Q 837 78
Q 285 260
Q 463 282
F 613 919
Q 561 137
Q 109 748
F 471 561
F 791 872
F 878 211
F 776 694
F 605 557
F 612 666
Q 159 479
Q 148 277
Q 443 868
Q 379 294
F 763 475
F 200 640
Q 972 969
Q 422 326
F 230 429
Q 541 335
F 979 22
Q 396 791
F 34 768
Q 716 700
Q 290 869
F 16 10
Q 240 622
Q 516 69
F 69 886
Q 98 352
F 718 170
Q 826 91
F 109 630
Q 626 327
Q 784 810
Q 531 910
Q 161 320
F 179 865
Q 758 300
Q 691 869
F 454 340
F 594 767
F 203 354
F 490 585
Q 472 929
Q 278 505
Q 633 412
Q 973 280
F 418 953
F 926 258
F 534 656
F 664 793
Q 49 169
Q 687 711
Q 987 539
Q 659 637
Q 521 469
Q 580 457
F 732 692
Q 858 798
F 109 591
F 912 294
Q 701 418
Q 111 324
Q 42 550
Q 184 18
Q 498 650
F 350 750
F 777 990
Q 980 365
F 868 973
Q 170 467
F 340 312
F 401 497
F 497 174
F 581 579
F 988 281
Q 774 266
Q 678 306
F 218 802
F 110 881
Q 145 180
F 608 831
Q 22 646
F 308 619
F 2 890
F 282 234
F 826 948
F 623 514
Q 845 827
F 671 690
F 837 561
F 684 308
Q 697 450
F 339 302
Q 381 927
Q 946 438
Q 78 164
Q 97 776
F 389 888
Q 448 377
Q 408 82
F 900 358
F 958 211
F 877 641
F 204 130
F 797 347
F 148 892
F 50 714
Q 258 949
F 709 240
Q 304 51
Q 325 25
F 909 577
F 237 570
Q 789 370
F 822 942
F 416 482
F 587 509
Q 266 369
F 939 338
F 882 611
Q 17 568
Q 896 459
Q 906 601
Q 431 260
F 355 402
Q 286 569
Q 955 90
Q 244 287
Q 199 725
Q 788 48
Q 669 808
Q 786 406
F 435 579
F 541 533
Q 756 637
Q 495 253
Q 259 143
F 851 187
Q 242 759
Q 562 119
F 326 231
Q 1 125
Q 861 270
Q 829 752
F 656 325
F 61 971
F 622 761
F 24 873
F 867 720
F 889 448
Q 565 959
F 871 89
Q 224 995
Q 804 639
F 977 126
F 510 725
F 597 863
F 244 760
Q 807 71
F 314 441
F 335 871
F 387 15
Q 760 659
Q 215 420
F 640 25
Q 781 125
F 553 802
F 14 471
F 476 532
Q 943 100
F 317 269
F 994 326
F 565 898
Q 451 58
Q 48 779
Q 658 97
Q 817 661
F 336 915
F 8 533
Q 791 771
F 201 32
Q 377 122
F 641 764
F 148 970
F 986 702
F 327 758
Q 31 155
F 712 356
Q 370 24
Q 75 699
Q 297 692
F 749 765
Q 593 37
Q 875 768
Q 621 459
Q 908 357
F 847 615
Q 198 512
Q 577 707
Q 962 914
F 590 985
Q 534 908
Q 318 6
Q 655 752
Q 615 529
Q 154 417
Q 853 228
F 923 452
F 372 273
Q 564 545
F 344 497
F 959 718
Q 357 400
Q 238 885
F 580 805
Q 514 173
Q 794 85
F 371 22
Q 275 101
F 407 393
Q 289 909
F 609 107
Q 801 669
Q 695 664
F 254 919
F 171 963
F 817 238
F 10 647
Q 100 197
F 514 77
Q 15 425
Q 950 256
F 571 518
F 810 557
Q 361 44
F 728 885
F 935 688
Q 352 15
F 757 37
F 3 705
Q 486 433
Q 792 621
Q 27 608
F 275 460
Q 288 753
Q 810 703
Q 21 434
Q 176 654
F 832 660
F 959 89
F 573 543
Q 566 88
F 182 834
Q 568 401
F 88 227
F 83 580
Q 940 369
F 379 460
Q 550 38
Q 564 132
F 880 359
Q 819 128
Q 367 622
F 326 488
Q 303 811
F 807 93
Q 962 130
F 257 135
F 457 155
F 967 379
Q 854 79
Q 841 321
Q 858 814
F 356 776
F 604 237
F 159 388
F 92 549
Q 71 660
Q 120 744
F 826 893
F 844 628
Q 152 866
F 641 617
F 765 154
Q 229 520
Q 570 866
Q 428 701
F 194 475
Q 361 340
F 604 752
F 86 891
F 471 155
Q 834 106
F 488 70
Q 309 764
F 842 655
Q 948 141
Q 163 27
Q 402 784
F 870 64
F 201 711
F 774 425
F 938 637
Q 926 567
Q 252 287
Q 889 948
Q 215 525
Q 451 458
F 799 298
Q 916 170
Q 498 678
Q 369 322
F 967 531
Q 748 709
F 620 28
F 113 789
F 250 290
Q 590 557
F 179 483
Q 473 180
Q 977 407
F 252 49
Q 413 67
F 249 893
F 322 229
F 633 77
Q 190 422
Q 231 804
Q 500 247
Q 912 436
Q 376 951
F 476 531
Q 32 183
Q 173 817
Q 440 83
F 280 963
Q 172 796
F 642 995
F 888 722
Q 392 807
Q 328 483
F 550 631
F 13 636
Q 448 610
F 620 600
F 885 479
Q 489 254
F 4 691
F 158 656
Q 329 563
F 985 53
Q 641 576
Q 442 938
F 785 818
F 117 684
Q 624 344
F 536 700
Q 94 599
F 965 964
Q 892 42
Q 254 73
Q 653 922
F 172 574
F 798 272
Q 993 59
Q 781 907
Q 117 277
Q 458 690
Q 567 425
F 511 213
F 408 535
F 9 913
Q 132 644
F 991 414
F 755 910
F 63 100
F 355 476
Q 702 187
Q 216 697
Q 372 300
F 336 606
F 213 454
Q 960 707
F 325 849
Q 458 697
Q 162 488
F 596 245
Q 287 646
F 740 20
Q 460 535
F 298 847
F 105 184
Q 319 876
Q 718 203
F 30 969
F 736 3
Q 60 52
F 333 804
Q 323 524
F 800 58
Q 896 910
F 928 400
F 734 232
Q 838 662
Q 518 454
F 865 995
Q 132 821
F 194 741
F 457 348
Q 264 385
F 318 113
Q 21 478
F 356 281
F 21 772
Q 34 378
F 513 45
F 28 837
F 636 625
F 897 878
F 630 942
F 75 995
Q 206 690
Q 553 406
Q 646 351
F 749 430
F 740 511
Q 715 524
Q 466 277
Q 721 209
F 409 659
Q 844 331
F 870 681
F 727 944
F 618 914
F 718 373
Q 688 178
Q 989 660
Q 119 847
F 158 368
F 637 211
Q 100 749
F 645 357
F 337 596
F 765 703
F 191 207
Q 533 136
Q 158 789
Q 774 431
F 692 977
Q 334 839
F 204 160
F 994 685
F 224 635
F 980 434
Q 995 233
F 616 813
Q 286 637
F 917 436
Q 602 616
F 649 745
Q 353 265
F 841 332
Q 535 626
F 613 223
Q 672 498
F 332 18
F 684 375
F 97 79
F 924 282
F 794 576
F 735 775
Q 69 396
F 618 650
F 627 596
Q 483 788
Q 562 798
Q 708 959
F 85 330
F 888 972
F 831 180
Q 491 561
Q 136 377
Q 986 254
Q 442 69
Q 312 179
Q 691 5
F 734 112
F 469 85
F 569 44
Q 795 956
F 967 872
F 988 395
F 439 531
F 717 143
F 41 993
F 948 718
F 876 748
Q 922 496
Q 177 149
F 479 967
F 176 556
F 116 452
Q 2 815
Q 813 151
