992 999
0 )
1 )
0 (
3 )
4 )
5 )
6 (
7 (
8 )
9 )
10 )
11 (
12 )
13 )
14 )
15 (
16 )
0 )
18 (
19 (
20 (
21 )
22 )
23 (
24 (
25 )
26 )
27 (
28 (
0 )
30 (
31 )
32 (
33 (
34 (
35 (
36 )
37 (
38 )
39 (
40 (
41 )
42 (
43 )
44 (
45 )
46 )
47 )
48 )
49 (
50 )
51 (
52 )
53 (
54 )
55 (
56 )
0 )
58 )
59 (
60 (
61 )
62 (
63 )
64 )
65 )
66 (
67 (
68 )
69 )
70 (
71 (
72 )
73 )
74 (
75 )
76 (
77 (
78 (
79 )
80 (
81 )
82 (
83 )
84 (
85 )
86 )
87 )
88 (
89 (
90 (
91 )
92 (
93 )
94 (
95 (
96 )
97 (
98 (
99 )
100 (
101 (
102 )
103 )
104 )
105 )
106 )
107 (
108 (
109 (
110 )
111 (
112 )
113 (
114 )
115 )
116 (
117 (
118 )
119 (
120 (
121 (
122 (
123 )
124 (
125 (
126 (
127 )
128 )
129 (
130 (
131 )
132 )
133 (
134 )
135 (
136 )
137 (
138 )
139 (
140 )
141 )
142 (
143 )
144 (
145 (
146 )
147 (
148 (
149 (
150 (
151 )
152 (
153 )
154 )
155 (
156 (
157 )
158 (
159 (
160 )
161 (
162 )
163 (
164 (
165 (
166 )
167 (
168 (
169 )
170 )
171 )
172 )
173 (
174 )
175 )
176 )
177 (
178 (
179 (
180 (
181 (
182 )
183 (
184 (
185 (
186 )
187 )
188 )
189 (
190 (
191 (
192 (
193 (
194 )
195 )
196 )
197 (
198 )
199 )
200 )
201 (
202 (
203 (
204 (
205 )
206 )
207 (
208 )
209 (
210 (
211 (
212 (
213 (
214 (
215 (
216 (
217 )
218 (
219 (
220 (
221 )
222 )
223 )
224 )
225 (
226 (
227 (
228 (
229 (
230 )
231 )
232 )
233 (
234 (
235 (
236 (
237 (
238 )
239 (
240 )
241 )
242 (
0 )
244 )
245 )
246 (
247 (
248 (
249 )
250 (
251 )
252 )
253 )
254 (
255 )
256 (
257 )
258 (
259 (
260 (
261 )
262 (
263 )
264 (
265 )
266 )
267 )
268 )
269 (
270 )
271 (
272 )
273 (
274 )
275 )
276 (
277 (
278 )
279 (
280 )
281 )
282 (
283 )
284 )
285 )
286 )
287 )
288 )
289 (
290 )
291 (
292 (
293 (
294 (
295 )
296 (
297 )
298 (
299 )
300 )
301 (
302 )
303 )
304 )
305 )
306 )
307 )
308 )
309 )
310 )
311 )
312 (
313 )
314 (
315 )
316 )
317 )
318 )
319 (
320 )
321 )
322 )
323 (
324 )
325 )
326 (
327 (
328 (
329 )
330 )
331 )
332 (
333 (
334 (
335 )
336 (
337 (
338 (
339 )
340 )
341 (
342 )
343 )
344 )
345 )
346 )
347 )
348 )
349 )
350 )
351 )
352 (
353 (
354 )
355 (
356 )
357 (
358 )
359 )
360 )
361 (
362 )
363 )
364 )
365 )
366 )
367 (
368 )
369 )
370 )
371 )
372 (
373 (
374 (
375 (
376 )
377 (
378 )
379 (
380 )
381 (
382 )
383 (
384 (
385 (
386 )
387 (
388 (
389 (
390 (
391 (
392 )
393 )
394 )
395 (
396 )
397 (
398 (
399 )
400 (
401 )
402 )
403 (
404 (
405 )
406 )
407 )
408 (
409 )
410 (
411 (
412 )
413 )
414 )
415 )
416 )
417 (
418 (
419 )
420 )
421 (
422 (
423 )
424 (
425 (
426 )
427 )
428 (
429 )
430 )
431 )
432 (
433 )
434 )
435 )
436 (
437 )
438 (
439 )
440 (
441 (
442 )
443 )
444 (
445 (
446 )
447 (
448 )
449 (
450 )
451 (
452 (
453 (
454 (
455 )
456 )
457 )
458 )
459 (
460 (
461 (
462 )
463 (
464 )
465 )
466 (
467 (
468 )
469 (
470 )
471 (
472 (
473 )
474 )
475 )
476 )
477 )
478 (
479 (
480 (
481 (
482 (
483 )
484 (
485 (
486 )
487 (
488 (
489 (
490 (
491 )
492 (
493 )
494 )
495 (
496 )
497 (
498 )
499 )
500 (
501 (
502 (
503 (
504 )
505 (
506 )
507 (
508 (
509 )
510 )
511 (
512 )
513 )
514 )
515 )
516 (
517 )
518 )
519 (
520 (
521 (
522 )
523 )
524 )
525 )
526 )
527 (
528 )
529 )
530 )
531 )
532 (
533 )
534 (
535 )
536 (
537 (
538 )
539 (
540 (
541 (
542 )
543 (
544 (
545 (
546 )
547 )
548 (
549 (
550 (
551 )
552 (
553 (
554 (
555 )
556 )
557 )
558 )
559 )
560 (
561 (
562 (
563 )
564 (
565 (
566 (
567 )
568 )
569 (
570 )
571 (
572 (
573 )
574 (
575 )
576 (
577 )
578 (
579 )
580 (
581 )
582 )
583 )
584 (
585 (
586 )
587 )
588 (
589 )
590 (
591 )
592 (
593 )
594 )
595 )
596 )
597 )
598 (
599 (
600 (
601 )
602 )
603 (
604 (
605 )
606 (
607 (
608 )
609 (
610 (
611 )
612 )
613 )
614 (
615 (
616 (
617 (
618 )
619 )
620 )
621 (
622 )
623 (
624 )
625 (
626 (
627 )
628 )
629 )
630 (
631 )
632 )
633 )
634 (
635 (
636 (
637 )
638 (
639 )
640 )
641 (
642 )
643 )
644 )
645 (
646 (
647 )
648 )
649 )
650 )
651 (
652 )
653 (
654 (
655 )
656 (
657 (
658 )
659 (
660 )
661 )
662 )
663 (
664 )
665 (
666 )
667 )
668 (
669 (
670 (
671 (
672 (
673 (
674 )
675 (
676 )
677 (
678 (
679 (
680 (
681 (
682 )
683 (
684 (
685 )
686 (
687 )
688 (
689 (
690 )
691 )
692 )
693 )
694 (
695 )
696 )
697 )
698 (
699 (
700 )
701 )
702 )
703 )
704 (
705 (
706 (
707 )
708 (
709 (
710 (
711 (
712 )
713 )
714 )
715 (
716 (
717 )
718 )
719 (
720 )
721 (
722 )
723 (
724 )
725 )
726 )
727 )
728 )
729 (
730 (
731 )
732 (
733 )
734 )
735 )
736 )
737 (
738 )
739 )
740 )
741 )
742 (
743 (
744 (
745 )
746 (
747 )
748 (
749 (
750 )
751 (
752 )
753 )
754 )
755 )
756 (
757 (
758 )
759 )
760 (
761 (
762 )
763 )
764 )
765 (
766 (
767 )
768 (
769 )
770 (
771 (
772 )
773 )
774 )
775 (
776 (
777 (
778 )
779 (
780 )
781 (
782 )
783 (
784 )
785 (
786 )
787 )
788 )
789 (
790 (
791 )
792 (
793 (
794 )
795 (
796 )
797 (
798 (
799 )
800 )
801 (
802 (
803 (
804 )
805 (
806 (
807 (
808 (
809 (
810 (
811 (
812 )
0 (
814 (
815 (
816 (
817 )
818 (
819 )
820 (
821 )
822 (
823 )
824 )
825 (
826 (
827 (
828 )
829 (
830 )
831 (
832 )
833 )
834 (
835 (
836 (
837 )
838 )
839 )
840 (
841 (
842 )
843 (
844 (
845 (
846 (
847 )
848 )
849 (
850 )
851 )
852 (
853 )
854 )
855 (
856 )
857 (
858 (
859 (
860 )
861 )
862 )
863 (
864 )
865 (
866 (
867 (
868 (
869 )
870 (
871 )
872 (
873 )
874 )
875 )
876 )
877 (
878 )
879 (
880 )
881 )
882 (
883 )
884 )
885 (
886 )
887 )
888 (
889 )
890 )
891 )
892 )
893 )
894 )
895 )
896 )
897 (
898 (
899 )
900 )
901 )
902 (
903 (
904 )
905 (
906 )
907 )
908 )
909 )
910 (
911 )
912 )
913 )
914 (
915 (
916 )
917 (
918 (
919 (
920 (
921 (
922 (
923 (
924 )
925 (
926 )
927 )
928 )
929 (
930 )
931 )
932 (
933 (
934 )
935 (
936 )
937 )
938 )
939 (
940 (
941 (
942 (
943 (
944 (
945 )
946 )
947 )
948 )
949 (
950 )
951 (
952 (
953 )
954 )
955 )
956 (
957 )
958 (
959 (
960 )
961 (
962 )
963 (
964 )
965 )
966 )
967 )
968 (
969 (
970 )
971 )
972 (
973 )
974 )
975 (
976 (
977 )
978 )
979 (
980 (
981 (
982 (
983 )
984 (
985 (
986 )
987 (
988 )
989 )
990 (
F 262 752
F 204 295
Q 330 465
F 665 26
F 154 387
Q 848 603
F 81 309
F 495 755
Q 670 105
F 873 326
F 83 92
Q 243 324
Q 177 370
F 459 209
Q 273 900
Q 170 759
F 468 589
F 909 875
F 13 753
Q 959 478
Q 846 112
Q 266 935
F 433 43
Q 543 973
Q 841 245
F 2 249
F 170 444
F 954 988
Q 917 153
Q 152 350
Q 967 821
Q 390 584
Q 194 125
Q 883 947
F 316 616
Q 861 529
F 72 679
F 863 667
Q 547 813
F 28 187
F 161 960
Q 171 251
F 664 639
F 836 47
Q 204 821
F 43 288
Q 539 830
Q 123 569
F 234 24
F 245 374
Q 48 717
Q 10 202
F 2 703
F 38 848
F 607 116
F 447 789
F 510 514
F 157 517
F 534 797
Q 586 244
F 238 607
F 156 398
Q 69 696
F 834 258
F 98 504
F 44 107
Q 415 601
Q 159 193
F 306 785
F 568 894
F 862 631
F 639 627
F 568 628
F 591 13
Q 285 461
Q 804 163
F 755 879
Q 645 834
F 157 187
F 882 91
F 196 402
Q 368 236
F 290 420
Q 691 429
F 594 660
Q 333 29
F 214 623
F 85 77
Q 104 238
Q 442 748
F 835 840
F 9 788
F 563 412
F 956 787
Q 603 286
Q 484 28
Q 518 257
Q 888 496
F 274 229
Q 31 40
F 473 129
Q 540 966
F 544 115
F 121 60
F 132 967
Q 726 315
F 930 357
F 722 767
F 294 511
Q 697 633
Q 407 634
Q 431 62
F 290 667
Q 61 623
F 358 212
Q 443 361
F 542 880
Q 93 879
Q 372 796
F 866 86
Q 325 183
Q 154 848
Q 272 61
Q 758 284
Q 260 367
F 597 268
Q 586 358
F 172 887
F 879 984
F 278 353
Q 565 170
Q 190 968
F 443 216
Q 458 594
Q 75 578
F 425 148
F 611 984
Q 478 741
Q 103 135
Q 334 387
Q 710 101
Q 423 132
Q 714 955
Q 787 704
Q 165 753
F 284 702
F 729 319
Q 801 446
Q 327 306
Q 440 453
F 411 188
Q 613 751
Q 87 160
F 539 144
F 158 156
F 145 396
Q 674 793
F 8 89
F 817 784
F 731 562
F 316 862
F 935 158
Q 489 970
F 571 737
F 698 245
Q 290 34
Q 414 34
Q 271 925
F 951 103
F 937 11
F 461 52
Q 760 751
F 626 674
Q 624 163
F 629 734
F 956 355
F 940 950
F 46 281
Q 348 708
F 964 362
Q 844 58
F 926 576
Q 202 77
F 734 88
F 573 518
F 607 109
F 715 838
F 859 612
Q 300 792
F 406 122
F 912 924
F 975 749
F 717 338
F 425 712
Q 140 4
Q 374 145
Q 181 280
F 132 886
F 185 565
Q 843 86
F 351 148
F 694 941
F 82 234
F 785 804
Q 10 436
Q 51 695
F 857 67
F 972 870
Q 663 681
F 81 321
F 816 3
Q 583 719
F 749 904
F 365 926
F 98 657
F 174 817
F 407 10
F 646 965
Q 729 122
F 914 837
F 67 142
Q 510 720
Q 871 331
F 842 424
F 418 660
F 990 317
Q 128 505
F 815 474
F 781 673
F 945 591
F 348 410
Q 862 607
Q 796 160
F 390 812
Q 536 683
Q 792 897
Q 910 541
F 464 446
F 468 427
F 258 202
F 71 522
F 903 501
F 884 477
F 487 748
F 331 572
Q 743 161
F 641 296
F 179 698
Q 678 365
Q 398 186
F 647 440
F 440 46
F 37 602
F 832 90
F 343 860
F 940 900
Q 956 836
F 837 319
F 197 775
Q 231 507
Q 640 337
Q 520 556
Q 936 338
F 871 441
F 652 10
Q 247 327
Q 511 663
Q 45 198
Q 799 700
Q 807 154
F 616 885
Q 479 685
F 922 505
Q 181 711
Q 912 737
F 609 563
Q 407 392
Q 264 162
Q 912 153
Q 180 96
F 366 475
Q 587 177
F 160 283
Q 895 477
F 796 855
Q 760 446
Q 719 44
Q 127 135
F 35 899
F 749 470
Q 784 600
Q 500 797
F 615 140
Q 781 972
F 667 141
F 931 418
Q 306 67
Q 510 628
Q 204 29
F 467 957
F 914 316
Q 395 135
F 289 159
Q 273 761
F 183 175
F 97 867
Q 190 141
Q 462 551
Q 504 761
Q 499 810
Q 139 165
F 606 794
Q 494 378
F 697 416
F 659 649
Q 473 168
Q 245 246
F 746 336
Q 100 97
Q 251 366
F 816 406
F 168 773
F 883 918
Q 326 331
F 771 6
F 467 659
F 183 887
Q 509 97
F 921 502
Q 562 558
F 76 502
F 41 57
Q 958 156
Q 879 624
F 176 234
F 950 606
F 611 270
Q 794 565
F 615 365
F 116 158
Q 160 587
Q 963 544
F 984 445
F 280 719
Q 747 913
Q 194 406
Q 431 252
F 91 742
F 772 262
Q 945 864
F 252 114
Q 632 351
F 491 945
F 590 907
Q 753 104
Q 432 955
F 614 576
F 284 713
Q 742 301
Q 199 315
F 861 930
Q 418 271
Q 182 659
F 391 167
F 416 715
Q 360 599
Q 128 977
Q 26 12
Q 862 854
Q 62 510
Q 681 385
Q 210 919
Q 877 188
F 119 197
F 887 1
Q 227 414
F 327 832
Q 456 178
Q 438 851
Q 645 246
F 969 805
F 300 462
F 630 159
Q 756 827
Q 980 180
F 225 422
F 200 302
Q 402 77
Q 46 505
Q 490 780
F 486 303
F 34 47
Q 480 133
F 493 662
F 874 597
F 813 104
F 280 747
Q 917 188
F 915 820
Q 543 484
F 390 293
Q 399 124
Q 966 137
Q 232 851
F 225 14
Q 591 216
Q 265 529
F 253 743
F 545 40
F 842 532
F 776 79
F 919 183
F 388 566
Q 251 570
Q 754 841
F 529 641
Q 108 320
F 65 440
Q 922 9
F 396 769
F 29 340
Q 285 446
Q 537 222
Q 333 509
Q 737 961
Q 214 707
F 264 58
F 827 731
F 38 252
F 246 384
Q 265 276
Q 803 231
F 861 477
F 749 881
F 669 134
Q 726 144
Q 827 65
F 299 345
F 461 430
Q 72 10
F 825 8
F 744 124
F 35 815
F 305 812
F 662 278
Q 415 805
F 432 430
Q 430 497
Q 754 116
Q 108 384
Q 966 344
Q 511 248
Q 722 750
F 499 287
F 30 121
Q 808 806
Q 321 213
F 90 951
F 241 836
Q 114 385
F 555 348
Q 492 610
F 832 752
F 649 148
F 674 605
F 662 220
F 878 567
Q 573 688
F 795 691
F 76 232
F 867 663
F 355 136
F 560 0
F 931 107
Q 361 659
Q 724 50
F 702 614
Q 86 558
F 657 368
F 555 747
F 806 592
Q 132 126
Q 717 955
Q 330 817
F 14 777
F 558 589
Q 501 160
F 851 904
F 895 289
Q 955 945
F 644 946
F 913 952
Q 134 77
F 982 258
F 186 456
Q 78 236
Q 949 421
F 76 126
F 154 924
F 316 914
F 258 518
Q 593 38
Q 139 556
F 15 864
Q 837 400
Q 666 960
F 377 859
Q 703 779
F 732 391
Q 962 85
Q 20 591
Q 841 175
Q 8 980
F 392 979
Q 301 50
F 141 780
F 783 4
Q 301 810
Q 638 915
F 911 453
F 379 741
Q 24 209
F 545 36
Q 792 674
Q 471 270
Q 468 320
Q 374 892
Q 500 653
Q 695 342
F 302 309
F 256 21
F 275 311
Q 590 889
Q 378 82
Q 326 653
F 267 242
Q 24 57
F 237 443
F 564 583
F 242 630
Q 496 312
F 802 890
Q 633 73
Q 487 382
Q 889 33
F 280 573
F 648 285
F 72 522
F 695 735
F 496 789
Q 634 467
Q 667 189
Q 117 34
Q 913 311
F 361 923
F 935 382
F 671 95
Q 294 156
Q 148 749
F 26 729
Q 486 878
F 892 227
Q 32 35
Q 867 573
Q 290 588
F 775 460
Q 883 27
F 439 510
F 361 985
Q 828 156
Q 664 184
F 238 179
F 507 410
Q 631 926
F 352 608
F 645 631
Q 728 310
Q 724 958
F 509 829
F 443 138
F 325 826
F 791 462
Q 808 94
Q 375 590
Q 77 983
Q 679 867
Q 26 886
F 255 652
Q 988 320
Q 44 215
F 405 762
Q 320 399
Q 932 943
Q 471 263
F 410 261
F 330 518
F 891 736
F 153 84
F 946 309
Q 403 709
F 473 530
F 712 164
F 935 941
Q 338 834
F 540 971
F 607 128
F 426 947
F 643 730
F 69 275
Q 413 981
Q 205 529
F 775 428
F 570 470
Q 547 886
F 392 279
F 739 794
F 868 324
Q 920 22
F 374 565
F 30 333
Q 720 338
Q 103 560
F 727 387
F 838 592
Q 945 633
F 510 769
Q 430 475
F 650 81
F 58 148
Q 302 139
F 675 891
F 415 38
Q 935 676
Q 656 882
Q 544 870
F 94 132
Q 467 909
Q 764 96
Q 54 642
Q 449 744
F 544 952
Q 786 899
Q 759 602
Q 171 560
Q 308 114
Q 211 523
Q 666 987
F 960 864
F 121 841
F 486 495
Q 477 856
F 679 736
F 283 852
F 758 584
Q 476 968
Q 205 954
F 43 938
Q 49 530
F 829 773
F 898 575
Q 160 8
F 745 880
Q 230 206
Q 348 289
Q 563 77
Q 52 166
F 227 68
Q 82 856
Q 320 735
Q 941 255
F 228 718
Q 512 479
Q 74 134
Q 403 391
F 602 726
F 168 22
F 149 14
Q 871 400
F 639 651
F 268 320
Q 556 711
Q 433 655
Q 365 160
F 791 293
F 955 582
F 345 189
F 676 842
Q 788 15
Q 884 4
F 560 89
F 710 580
F 915 334
F 44 380
Q 135 99
F 284 140
F 297 406
Q 957 335
Q 500 673
F 465 69
Q 462 190
Q 932 738
F 979 475
Q 244 373
F 159 449
F 98 764
F 800 641
F 89 359
Q 412 991
Q 29 10
Q 896 354
Q 950 456
Q 202 123
F 861 189
F 151 980
Q 872 620
Q 752 60
Q 754 201
Q 817 49
F 877 104
Q 475 366
F 107 646
F 892 86
F 329 919
F 92 384
Q 382 912
F 521 164
F 36 759
Q 646 294
Q 325 297
Q 17 129
F 137 875
Q 979 438
Q 349 84
F 460 758
F 135 249
Q 222 173
Q 968 826
Q 602 689
F 401 812
F 649 746
F 426 935
F 444 578
F 735 433
Q 87 304
F 45 363
Q 154 800
Q 365 348
F 848 38
Q 543 188
F 925 899
Q 57 610
Q 66 311
F 464 592
F 499 649
F 167 62
F 988 724
F 55 645
F 336 500
Q 991 110
Q 788 624
F 12 507
F 234 776
F 75 53
Q 800 33
F 302 503
Q 986 335
F 859 249
F 734 420
Q 476 736
F 768 695
F 196 613
F 782 503
F 574 868
Q 285 881
F 219 550
F 532 927
Q 891 978
Q 569 178
Q 668 816
Q 186 193
F 546 606
F 253 883
Q 103 792
Q 362 811
Q 292 931
F 599 83
F 255 153
Q 662 587
F 918 794
F 123 562
Q 523 146
Q 977 116
F 433 646
Q 159 981
F 855 100
Q 341 222
Q 180 810
Q 700 39
F 179 886
F 62 581
Q 383 879
Q 562 180
F 592 339
F 683 839
F 471 225
F 386 910
F 488 104
Q 866 712
Q 295 48
Q 468 970
F 245 393
F 651 15
Q 443 210
Q 625 706
Q 439 939
F 402 969
Q 198 765
Q 40 531
Q 273 169
F 135 835
F 795 144
F 523 958
Q 394 929
Q 991 306
F 373 649
F 688 425
Q 366 183
Q 947 141
F 721 909
F 467 989
F 76 847
F 158 80
Q 944 454
Q 688 135
Q 312 948
F 929 184
F 152 318
Q 908 249
F 168 854
Q 768 491
Q 690 391
Q 459 969
F 889 709
F 613 688
F 107 629
Q 793 975
Q 169 794
Q 282 401
F 790 864
Q 676 905
F 125 653
Q 913 862
F 486 805
Q 638 664
F 987 893
F 541 747
Q 22 900
Q 318 130
F 79 13
F 760 175
Q 931 97
Q 445 625
F 8 804
F 574 549
Q 367 165
F 955 336
F 473 330
F 175 204
F 542 572
Q 858 435
Q 378 944
F 239 649
F 346 662
Q 735 654
Q 39 807
F 134 450
Q 913 873
Q 502 346
F 126 581
F 642 419
F 116 716
F 781 917
Q 36 837
F 211 219
Q 824 731
Q 246 577
F 222 165
F 108 62
F 534 695
F 328 930
Q 186 617
Q 710 514
F 556 773
F 828 3
Q 581 629
F 479 68
F 860 332
Q 818 784
Q 949 629
F 437 195
Q 75 986
Q 556 155
F 543 982
F 685 417
F 257 894
F 527 953
Q 671 12
F 753 7
Q 429 237
F 135 963
Q 917 652
Q 171 352
Q 416 991
Q 2 888
F 804 529
F 77 251
F 463 913
F 114 536
Q 308 890
Q 523 875
F 436 163
F 942 232
F 463 424
F 285 104
F 556 217
F 399 115
F 934 418
F 223 718
Q 920 572
Q 181 933
Q 587 915
Q 243 795
F 958 504
Q 450 305
Q 149 489
F 188 83
F 487 990
Q 635 586
F 898 917
F 259 446
Q 640 353
F 396 811
F 334 208
Q 180 103
F 59 379
Q 291 81
F 895 146
F 799 60
Q 365 583
F 914 157
F 284 443
F 954 114
F 272 71
F 944 661
F 911 780
F 987 64
F 929 957
F 663 162
Q 936 652
Q 736 962
F 258 468
Q 69 753
F 443 966
F 394 598
Q 567 566
Q 636 437
F 62 359
F 859 0
F 74 630
F 196 513
F 750 259
Q 990 615
Q 489 70
Q 870 241
Q 682 720
Q 733 824
Q 228 703
Q 593 672
Q 437 167
F 906 608
F 50 414
Q 247 112
F 310 807
F 153 276
F 75 483
F 815 39
F 153 820
F 834 811
Q 109 338
F 370 47
Q 493 850
F 610 32
Q 442 532
F 448 724
F 389 333
F 728 627
F 566 949
F 347 391
Q 922 371
