992 990
0 )
0 )
2 )
3 (
0 )
0 )
6 (
7 )
8 (
9 )
0 (
11 (
12 (
13 )
14 )
15 )
16 (
17 )
18 (
19 )
20 )
0 (
22 (
23 )
24 )
25 (
26 )
27 (
28 (
29 (
30 (
31 )
32 (
33 (
34 )
35 )
36 (
37 (
38 (
39 (
40 )
41 (
42 )
43 )
44 )
45 )
46 (
47 )
0 )
49 )
50 )
51 )
52 )
53 (
54 (
55 )
56 )
57 (
58 (
59 (
60 )
61 )
62 )
63 (
64 (
65 (
66 (
67 )
68 (
69 (
70 )
71 )
72 )
73 )
74 (
75 (
76 )
77 (
78 (
79 (
80 )
81 (
82 (
83 (
84 (
85 )
86 )
87 (
88 (
89 (
90 (
91 )
92 )
93 )
94 (
95 )
96 (
97 )
98 (
99 (
100 )
101 (
102 (
103 )
104 (
105 )
106 )
107 (
108 )
109 (
110 )
111 )
112 )
113 )
114 )
115 (
116 )
117 )
118 (
119 (
120 )
121 )
122 )
123 )
124 )
125 (
126 )
127 )
128 (
129 (
130 )
131 )
132 (
133 )
134 )
135 )
136 )
137 (
138 )
139 )
140 )
141 (
142 (
143 )
144 )
145 (
146 )
147 )
148 )
149 (
150 )
151 )
152 )
153 )
154 )
155 (
156 (
157 )
158 (
159 (
160 (
161 (
162 )
163 )
164 (
165 )
166 (
167 )
168 )
169 (
170 )
171 )
172 (
173 (
174 (
175 (
176 (
177 )
178 )
179 )
180 (
181 (
182 )
183 )
184 (
185 (
186 )
187 )
188 (
189 (
190 (
191 (
192 )
193 (
194 )
195 (
196 (
197 (
198 )
199 )
200 )
201 (
202 )
203 )
204 (
205 (
206 )
207 )
208 )
209 )
210 )
211 (
212 (
213 (
214 (
215 (
216 (
217 (
218 )
219 (
220 )
221 (
222 )
223 (
224 (
225 )
226 )
227 (
228 )
229 )
230 )
231 (
232 )
233 )
234 )
235 (
236 )
237 )
238 )
239 (
240 (
241 )
242 (
243 )
244 (
0 (
246 (
247 (
248 (
249 )
250 (
251 (
252 (
253 (
254 )
255 (
256 )
257 (
258 (
259 (
260 (
261 )
262 )
263 (
264 )
265 )
266 (
267 (
268 )
269 (
270 )
271 )
272 )
273 )
274 (
275 (
276 (
277 )
278 )
279 (
280 )
281 )
282 (
283 (
284 (
285 (
286 (
287 )
288 (
289 (
290 )
291 (
292 (
293 (
294 (
295 (
296 )
297 (
298 )
299 )
300 (
301 )
302 (
303 )
304 )
305 (
306 )
307 )
308 )
309 )
310 )
311 (
312 )
313 )
314 )
315 (
316 )
317 (
318 (
319 (
320 (
321 )
322 (
323 )
324 )
325 (
326 (
327 )
328 (
329 )
330 (
331 )
332 (
333 (
334 (
335 )
336 (
337 (
338 (
339 )
340 (
341 (
342 (
343 (
344 (
345 )
346 (
347 (
348 )
349 (
350 )
351 )
352 (
353 )
354 )
355 (
356 (
357 (
358 )
359 )
360 )
361 )
362 )
363 (
364 (
365 (
366 )
367 )
368 (
369 )
370 (
371 )
372 )
373 )
374 )
375 )
376 )
377 (
378 (
379 (
380 )
381 )
382 (
383 (
384 (
385 )
386 )
387 )
388 )
389 (
390 (
391 (
392 (
393 (
394 )
395 (
396 (
397 (
398 )
399 (
400 )
401 (
402 (
403 )
404 (
405 )
406 (
407 (
408 (
409 (
410 (
411 )
412 (
413 (
414 )
415 (
416 (
417 )
418 (
419 (
420 (
421 )
422 (
423 )
424 (
425 (
426 )
427 )
428 )
429 (
430 (
431 (
432 )
433 (
434 )
435 (
436 (
437 )
438 )
439 )
440 (
441 (
442 (
443 (
444 (
445 (
446 )
447 )
448 )
449 (
450 (
451 (
452 (
453 (
454 )
455 )
456 )
457 (
458 )
459 (
460 )
461 )
462 (
463 )
464 (
465 (
466 (
467 )
468 )
469 )
470 )
471 )
472 (
473 )
474 (
475 (
476 )
477 )
478 (
479 )
480 (
481 )
482 )
483 (
484 (
485 )
486 )
487 (
488 )
489 )
490 )
491 (
492 (
493 )
494 )
495 (
496 )
497 (
498 (
499 )
500 (
501 )
502 )
503 )
504 (
505 (
506 (
0 )
508 (
509 )
510 (
511 (
512 )
513 (
514 )
515 (
516 (
517 (
518 )
519 (
520 (
521 )
522 (
523 )
524 (
525 (
526 (
527 (
528 (
529 (
530 )
531 )
532 (
533 )
534 )
535 )
536 (
537 (
538 )
539 )
540 (
541 )
542 )
543 (
544 )
545 )
546 (
547 (
548 )
549 (
550 )
551 (
552 (
553 (
554 )
555 (
556 )
557 )
558 (
559 )
560 (
561 (
562 (
563 (
564 (
565 (
566 (
567 )
568 )
569 (
570 (
571 )
572 )
573 )
574 )
575 )
576 (
577 )
578 )
579 )
580 )
581 (
582 (
583 )
584 )
585 )
586 (
587 )
588 )
589 )
590 )
591 )
592 (
593 )
594 )
595 (
596 )
597 )
598 (
599 )
600 (
601 (
602 )
603 )
604 )
605 (
606 (
607 (
608 (
609 )
610 (
611 (
612 (
613 (
614 )
615 )
616 (
617 )
618 )
619 (
620 )
621 (
622 (
623 (
624 (
625 (
626 (
627 (
628 (
629 (
630 )
631 (
632 )
633 )
634 )
635 (
636 )
637 )
638 )
639 )
640 (
641 )
642 (
643 )
644 )
645 (
646 (
647 (
648 )
649 (
650 )
651 (
652 )
653 (
654 )
655 (
656 (
657 )
658 (
659 (
660 (
661 (
662 (
663 )
664 (
665 (
666 )
667 (
668 (
669 (
670 (
671 )
672 )
673 )
674 (
675 (
676 )
677 )
678 )
679 )
680 (
681 (
682 )
683 (
684 (
685 (
686 (
687 )
688 (
689 (
690 (
691 )
692 )
693 )
694 (
695 (
696 (
697 )
698 )
699 )
700 (
701 )
702 (
703 )
704 )
705 (
706 (
707 (
708 )
709 (
710 )
711 )
712 (
713 (
714 )
715 (
716 (
717 )
718 (
719 (
720 )
721 (
722 (
723 )
724 )
725 )
726 (
727 (
728 (
729 (
730 )
731 )
732 )
733 (
734 (
735 )
736 (
737 (
738 (
739 )
740 (
741 )
742 )
743 )
744 (
745 )
746 )
747 (
748 )
749 (
750 (
751 )
752 (
753 (
754 (
755 (
756 )
757 (
758 (
759 (
760 (
761 )
762 )
763 (
764 (
765 (
766 (
767 )
768 )
769 )
770 )
771 (
772 )
773 (
774 )
775 (
776 (
777 )
778 (
779 )
780 )
781 (
782 (
783 (
784 (
785 (
786 )
787 )
788 )
789 (
790 (
791 (
792 (
793 )
794 (
795 (
796 (
797 (
798 (
799 (
800 )
801 )
802 (
803 (
804 )
805 (
806 )
807 )
808 )
809 (
810 (
811 (
812 (
813 (
814 (
815 (
816 )
817 )
818 (
819 )
820 (
821 )
822 (
823 (
824 )
825 )
826 )
827 (
828 )
829 )
830 (
831 )
832 (
0 (
834 )
835 (
836 (
837 (
838 (
839 )
840 (
841 )
842 (
843 )
844 (
845 )
846 )
847 (
848 )
849 )
850 )
851 )
852 )
853 (
854 )
855 (
856 (
857 )
858 (
859 (
860 )
861 )
862 )
863 (
864 (
865 (
866 (
867 )
868 )
869 (
870 (
871 (
872 )
873 )
874 )
875 (
876 (
877 )
878 (
879 (
880 )
881 (
882 )
883 )
884 (
885 )
886 (
887 )
888 )
889 (
890 (
891 )
892 )
893 (
894 (
895 )
896 )
897 (
898 )
899 (
900 (
901 (
902 )
903 (
904 (
905 (
906 )
907 (
908 (
909 )
910 )
911 (
912 )
913 (
914 (
915 )
916 )
917 )
918 )
919 (
920 (
921 )
922 )
923 (
924 (
925 )
926 )
927 (
928 )
929 )
930 )
931 (
932 )
933 )
934 )
935 (
936 )
937 (
938 (
939 (
940 )
941 )
942 (
943 )
944 (
945 )
946 (
947 )
948 )
949 (
950 )
951 )
952 (
953 (
954 )
955 )
956 (
957 (
958 )
959 (
960 (
961 )
962 )
963 )
964 )
965 (
966 (
967 )
968 )
969 (
970 )
971 (
972 )
973 )
974 (
975 (
976 )
977 )
978 (
979 (
980 (
981 (
982 (
983 )
984 )
985 )
986 (
987 (
988 )
989 (
990 )
F 373 6
F 325 825
Q 712 897
Q 699 733
F 146 230
F 333 88
Q 485 731
Q 921 948
Q 361 682
F 31 350
F 15 973
F 87 174
Q 659 52
F 978 115
F 946 377
F 335 738
Q 909 679
Q 128 351
Q 540 743
F 956 139
Q 536 748
Q 903 335
F 771 32
F 896 41
Q 282 302
F 362 85
F 284 210
F 605 222
F 187 512
Q 495 646
F 356 433
Q 94 20
F 363 980
F 512 284
Q 601 723
F 366 787
Q 153 547
Q 876 980
F 864 81
F 765 46
Q 667 810
Q 70 143
F 190 491
Q 544 213
Q 523 234
F 802 531
Q 641 451
Q 271 738
F 326 773
Q 605 617
F 471 574
F 775 239
F 909 485
Q 852 735
F 147 680
F 168 795
F 71 919
F 298 805
Q 685 47
F 534 907
Q 795 809
F 133 818
F 0 741
F 922 5
F 695 658
Q 143 830
F 268 512
F 672 20
F 142 361
F 664 711
F 309 156
F 921 457
F 19 459
F 560 878
F 128 662
F 857 471
Q 418 439
F 47 634
Q 922 304
F 824 276
F 566 627
Q 271 914
Q 243 274
Q 530 381
Q 945 679
F 110 133
F 157 549
Q 744 80
Q 794 511
Q 207 675
F 176 824
Q 511 337
F 664 971
Q 984 963
Q 647 989
F 95 360
F 858 705
Q 19 862
F 482 778
F 52 607
Q 785 823
F 495 112
Q 676 315
F 142 711
F 242 299
F 350 380
Q 980 685
Q 354 818
Q 566 509
F 119 742
F 30 386
F 744 344
Q 636 274
Q 372 281
Q 626 898
F 797 821
F 547 849
Q 627 737
Q 833 86
Q 129 199
Q 947 8
Q 887 720
F 901 173
Q 25 370
F 276 102
F 646 27
F 920 537
Q 236 637
F 307 95
Q 331 252
Q 954 688
F 615 309
Q 514 429
F 723 591
F 749 398
Q 699 263
Q 246 428
F 305 503
Q 730 784
Q 539 392
F 41 92
Q 348 57
Q 844 56
F 481 271
Q 24 1
Q 910 30
F 946 622
Q 777 695
F 964 644
F 357 115
F 960 955
F 82 64
F 339 625
F 324 395
Q 716 526
F 386 77
Q 590 88
F 273 889
F 979 665
F 193 69
Q 802 334
F 407 600
Q 820 307
F 795 84
F 129 460
F 35 197
F 945 597
F 608 298
Q 33 13
Q 40 257
F 883 511
Q 69 728
Q 634 690
Q 477 818
Q 485 179
F 35 536
F 970 224
F 348 290
F 949 278
Q 981 228
F 626 382
Q 228 892
F 473 437
F 796 668
F 697 762
Q 53 692
Q 454 956
Q 764 482
Q 102 131
F 728 669
F 441 862
F 30 447
F 552 45
F 311 947
Q 976 913
Q 79 638
F 559 883
Q 927 785
F 111 49
F 413 494
Q 178 238
F 68 25
Q 734 443
Q 95 899
F 969 33
F 891 498
F 775 882
Q 716 339
Q 659 175
F 575 867
F 219 571
Q 225 667
F 655 353
Q 174 571
Q 812 802
F 701 473
F 773 611
Q 427 939
F 850 821
Q 422 402
Q 380 230
F 28 360
Q 680 518
Q 644 716
Q 291 637
F 811 75
F 174 268
F 963 466
Q 203 546
Q 72 595
Q 743 289
F 499 789
Q 617 464
F 547 288
Q 731 35
F 425 39
Q 119 936
F 276 887
Q 596 980
F 542 33
F 178 367
Q 949 291
Q 162 156
Q 109 92
F 795 748
F 965 688
F 25 964
Q 183 921
Q 951 493
F 933 560
F 560 571
F 416 700
F 785 97
F 988 121
F 898 20
Q 594 618
Q 245 413
F 436 515
F 751 355
Q 311 881
Q 309 985
F 413 619
F 314 581
Q 65 894
Q 263 370
Q 839 629
F 202 151
F 36 486
F 739 327
Q 554 323
F 427 572
Q 216 96
F 71 895
Q 960 65
Q 748 89
Q 377 936
Q 820 384
F 200 444
Q 1 859
Q 873 92
Q 688 407
F 867 612
Q 1 174
F 555 416
F 708 820
Q 600 112
Q 199 805
F 232 251
F 62 589
F 369 728
Q 786 631
Q 972 985
F 622 568
Q 894 602
F 967 317
Q 583 265
F 331 628
F 79 599
F 428 343
Q 14 127
F 301 575
Q 924 630
Q 396 711
F 602 658
F 274 63
F 703 478
F 536 339
F 294 989
F 796 475
Q 407 222
Q 803 325
F 563 96
F 911 225
F 709 678
F 739 844
F 134 958
F 597 192
F 848 717
Q 757 154
F 966 222
F 28 333
Q 66 491
F 375 678
F 385 300
Q 853 480
Q 875 351
Q 78 362
Q 870 55
Q 981 822
Q 603 73
Q 416 356
Q 553 83
F 565 47
Q 555 78
Q 504 311
Q 644 918
F 788 15
F 83 889
F 615 105
F 147 669
Q 913 127
Q 242 22
F 543 548
Q 662 199
Q 116 331
F 715 534
Q 280 983
Q 369 150
F 165 580
Q 900 177
Q 398 84
Q 269 211
F 273 861
F 712 509
Q 767 210
F 86 585
F 362 720
F 644 634
Q 271 363
Q 796 839
F 709 760
F 780 40
Q 614 893
F 501 480
F 892 439
Q 469 653
Q 206 747
Q 279 173
F 235 848
F 442 337
Q 887 155
Q 544 967
F 374 107
F 122 132
F 757 375
F 81 624
Q 159 822
Q 470 661
Q 767 430
Q 396 969
F 146 672
F 917 282
Q 657 210
Q 828 731
Q 636 638
Q 578 685
Q 809 986
F 267 144
Q 525 40
F 266 747
Q 235 64
Q 139 729
F 411 827
F 481 438
F 222 354
F 80 104
Q 832 183
F 892 434
Q 302 3
Q 818 181
Q 314 384
F 214 905
Q 426 713
Q 142 28
F 712 416
Q 878 584
F 582 542
F 612 443
F 561 257
F 485 322
F 601 465
F 56 182
Q 606 884
F 546 842
Q 926 149
Q 851 181
Q 541 911
F 976 220
Q 341 991
Q 705 610
Q 542 297
F 668 339
F 256 745
F 242 109
F 792 702
F 506 369
F 840 20
F 508 970
F 228 400
F 191 29
Q 152 543
Q 341 976
Q 350 514
Q 902 94
Q 31 83
F 380 251
Q 777 156
F 942 771
Q 817 154
F 335 648
F 649 364
Q 152 957
F 325 961
Q 980 701
F 392 353
F 459 1
F 213 763
F 338 193
F 372 432
F 178 808
Q 835 223
Q 55 350
Q 990 82
Q 827 17
F 528 71
Q 370 708
F 91 194
F 23 892
F 37 273
F 24 135
Q 613 257
Q 383 462
F 45 224
F 737 766
F 280 275
Q 779 210
Q 823 666
F 938 516
F 759 385
F 698 148
F 374 233
F 787 184
F 39 407
F 16 102
Q 962 509
F 192 447
Q 305 422
F 785 861
F 183 294
F 570 63
F 482 962
F 73 627
Q 947 284
F 749 388
Q 780 547
F 773 901
Q 475 377
F 137 861
F 676 357
Q 25 500
Q 980 891
F 196 541
F 708 874
Q 794 358
Q 492 549
Q 501 765
F 41 436
F 99 196
Q 656 637
F 984 279
F 149 686
F 499 731
Q 310 77
F 782 906
F 811 803
F 555 637
Q 851 805
F 924 443
F 472 675
F 307 384
Q 803 21
Q 618 240
Q 774 99
F 659 956
F 710 949
Q 643 916
F 552 700
Q 188 527
F 831 799
F 153 920
F 628 489
Q 447 347
Q 886 401
Q 832 366
Q 962 267
F 338 452
F 565 622
F 273 527
Q 48 614
F 976 116
F 556 380
F 967 660
F 128 292
F 248 569
F 623 646
Q 706 734
Q 982 559
F 779 131
F 661 313
F 169 977
F 284 89
Q 785 777
Q 281 584
F 354 914
Q 800 949
F 882 707
F 635 10
Q 26 47
F 723 957
F 159 16
Q 414 57
Q 226 85
Q 490 237
F 105 623
F 969 596
F 493 90
Q 734 580
F 710 168
Q 808 188
Q 597 851
Q 590 872
Q 49 322
Q 970 440
Q 277 796
Q 314 481
F 809 172
Q 739 82
Q 367 981
F 199 603
F 623 567
Q 234 762
F 710 577
F 416 870
F 683 216
F 474 608
F 162 135
Q 785 24
Q 678 841
Q 50 476
Q 433 500
Q 940 871
Q 622 231
Q 951 840
Q 514 501
F 486 49
F 695 883
Q 815 258
Q 394 127
Q 857 406
F 598 210
Q 390 749
F 225 841
Q 833 667
Q 135 751
F 11 175
F 644 686
F 129 103
Q 934 118
Q 721 915
Q 691 974
Q 862 551
F 536 281
F 849 902
F 275 459
F 1 236
Q 1 910
F 868 316
Q 235 879
Q 279 298
F 621 845
Q 268 778
F 72 899
F 851 473
Q 458 660
Q 202 459
Q 315 311
Q 72 630
Q 10 68
Q 519 893
Q 311 127
Q 753 128
F 931 739
Q 654 259
F 950 689
Q 11 829
Q 48 506
Q 301 387
Q 660 394
F 504 565
Q 144 311
Q 666 72
F 784 233
F 476 308
Q 484 778
F 362 479
Q 656 496
F 353 426
F 884 74
F 217 476
Q 924 40
Q 148 749
Q 233 303
F 967 756
Q 767 92
F 424 275
Q 466 567
Q 504 66
F 300 59
Q 433 474
Q 320 548
F 81 932
Q 405 184
F 840 771
Q 364 922
Q 512 94
F 211 396
F 939 144
Q 814 163
Q 530 244
F 835 401
Q 60 619
Q 614 845
Q 924 497
Q 677 742
F 639 481
F 981 649
Q 885 485
F 158 783
Q 287 705
F 227 940
F 697 896
Q 693 20
F 200 480
F 537 815
F 709 794
Q 247 128
F 235 374
Q 70 273
Q 735 141
Q 853 737
F 415 959
Q 188 305
F 78 760
Q 675 109
Q 861 381
Q 625 119
Q 636 412
F 376 921
Q 482 243
F 416 619
Q 825 608
F 403 769
Q 687 970
F 360 90
F 185 847
Q 467 229
F 777 782
Q 811 822
Q 499 950
Q 379 233
F 955 656
F 782 788
Q 450 489
F 598 178
Q 305 387
F 925 46
F 262 541
F 79 621
F 349 769
Q 38 864
F 33 13
Q 150 618
F 404 933
Q 571 910
F 797 280
Q 672 859
F 16 304
F 690 730
F 195 31
Q 422 760
F 238 519
Q 519 528
Q 771 841
Q 547 412
Q 175 337
Q 471 253
F 944 897
Q 920 775
F 89 251
F 900 625
F 35 372
F 586 732
Q 437 150
F 694 546
F 438 118
F 288 770
F 433 22
F 726 554
F 40 636
Q 391 518
F 29 116
F 274 679
Q 286 97
Q 176 469
Q 976 586
Q 734 792
Q 286 579
Q 879 164
Q 546 155
F 688 836
Q 755 966
F 700 329
Q 497 970
F 801 244
F 494 46
Q 883 833
Q 671 160
Q 721 86
Q 802 647
F 278 651
F 528 937
Q 226 602
F 869 414
F 584 842
F 782 790
F 793 119
Q 340 327
Q 946 101
Q 199 666
F 514 742
Q 301 695
F 480 744
F 107 399
Q 75 291
F 404 585
F 738 290
Q 305 848
F 710 177
Q 209 284
F 397 743
F 786 766
Q 842 788
F 558 593
Q 954 621
Q 970 510
Q 272 566
F 60 783
F 452 145
F 220 727
Q 632 197
F 461 673
F 204 497
Q 332 759
Q 452 594
Q 57 244
F 502 722
F 677 557
Q 441 178
F 412 124
F 716 442
Q 51 814
F 195 543
F 52 782
Q 376 52
Q 808 946
F 528 693
Q 677 230
F 44 305
F 345 950
Q 658 55
F 407 384
Q 892 100
F 960 250
Q 288 522
F 692 544
F 672 739
F 858 770
F 403 759
Q 396 205
F 821 331
Q 808 407
F 555 139
F 307 431
Q 122 58
F 879 229
Q 10 56
F 448 503
F 725 148
F 442 893
Q 182 852
Q 814 822
F 622 545
Q 182 818
Q 729 598
Q 893 546
Q 17 459
F 467 926
F 258 94
Q 656 790
F 847 3
Q 519 860
F 931 525
Q 974 145
F 795 283
F 876 494
Q 18 519
Q 579 372
Q 174 75
F 735 726
F 395 438
F 959 902
Q 486 47
F 609 447
F 11 743
F 787 786
F 513 389
Q 856 532
F 724 556
Q 121 294
F 36 945
F 430 869
Q 462 923
Q 555 403
Q 889 954
Q 302 167
F 290 876
F 41 306
Q 938 748
Q 76 18
Q 255 125
Q 629 283
F 521 951
F 411 35
F 695 336
Q 184 238
F 426 461
F 23 730
Q 545 137
Q 157 268
Q 645 582
Q 795 379
F 439 787
F 659 636
F 215 669
Q 906 911
Q 918 185
F 782 553
Q 448 882
F 616 98
F 451 751
Q 228 257
Q 740 775
F 63 101
F 163 265
Q 18 277
Q 844 806
F 477 715
Q 896 32
F 854 158
Q 68 408
F 627 558
Q 425 371
Q 213 244
F 156 109
F 310 554
Q 624 322
F 213 599
Q 778 377
Q 864 318
Q 620 658
Q 353 840
Q 388 946
Q 909 48
F 118 974
F 970 591
Q 872 661
Q 736 871
F 526 98
F 290 500
Q 23 801
F 606 145
Q 470 544
F 2 808
F 211 984
Q 783 797
F 180 989
Q 355 348
Q 167 707
F 546 288
F 146 147
F 326 838
Q 733 717
F 904 339
Q 287 958
Q 175 226
Q 775 741
Q 887 689
Q 109 801
F 739 140
Q 121 927
F 231 859
F 51 385
F 48 425
Q 523 497
F 309 693
Q 107 167
F 483 541
Q 538 504
Q 229 904
Q 243 449
F 913 244
Q 358 658
F 601 288
F 525 735
F 689 860
Q 467 740
F 29 878
Q 225 87
F 799 678
F 202 883
Q 926 614
F 88 579
F 185 683
F 567 941
F 716 479
F 961 224
F 451 355
F 875 64
Q 606 280
F 686 624
F 708 718
F 697 799
Q 204 719
Q 758 599
F 552 45
F 731 130
Q 884 842
F 787 927
F 447 520
Q 76 293
Q 887 977
Q 835 53
Q 890 424
Q 142 38
F 476 944
F 169 236
Q 19 795
F 67 777
Q 906 503
F 842 472
