994 997
0 )
0 (
0 )
1 (
1 (
5 (
0 (
6 )
3 )
0 )
9 )
2 )
10 )
8 )
0 )
15 (
4 (
3 )
17 )
5 (
11 (
10 (
12 (
1 (
13 )
6 )
22 (
21 (
11 (
18 (
8 (
22 )
27 )
23 (
22 (
12 )
10 )
9 )
3 )
37 )
10 )
12 )
27 (
34 (
12 )
34 )
26 (
9 )
39 (
4 )
40 )
45 )
48 )
5 (
36 (
49 (
17 (
44 )
44 )
50 (
16 )
13 (
53 (
48 (
57 (
56 )
53 (
1 (
39 )
23 )
43 (
70 )
29 (
13 )
51 (
28 (
2 (
10 )
30 )
4 (
53 (
44 )
32 )
24 (
46 (
23 (
3 (
76 (
55 )
71 )
20 (
25 (
47 )
40 )
34 )
93 )
41 )
75 (
86 )
69 )
66 (
52 (
97 )
18 )
48 (
34 )
10 (
40 )
16 (
72 (
15 )
2 )
7 (
9 )
71 (
57 )
16 )
32 )
10 (
16 (
0 )
85 )
95 )
82 )
85 (
51 (
46 (
124 )
50 (
54 (
105 )
15 (
62 (
26 )
77 (
71 (
18 )
25 (
11 (
131 )
44 (
42 )
111 )
83 )
112 (
17 )
133 (
100 )
139 )
146 (
68 )
71 )
145 )
3 (
40 (
46 )
21 )
14 )
109 )
14 (
153 (
16 )
35 )
151 (
24 )
67 (
25 (
23 )
48 (
0 (
138 )
0 (
127 (
32 (
171 )
149 )
52 )
146 (
64 )
85 )
164 (
54 (
80 (
24 (
76 )
86 )
24 (
52 (
180 )
72 (
155 (
49 (
150 )
48 (
40 )
21 (
100 (
139 )
11 (
42 (
101 )
151 )
85 )
23 )
66 )
181 (
59 (
154 )
48 )
155 )
176 )
85 )
141 (
70 )
26 )
115 )
23 )
34 (
155 (
204 (
69 (
110 (
124 (
39 )
13 )
188 )
105 )
122 (
84 )
68 )
209 (
102 )
75 )
71 )
211 (
36 )
39 )
142 (
231 )
65 )
171 (
68 (
235 (
86 )
149 )
33 )
212 (
65 (
85 (
23 )
15 (
62 )
92 (
194 (
162 (
79 )
115 )
50 (
192 (
233 )
162 (
256 )
40 )
29 )
15 (
229 (
110 (
99 (
183 (
171 (
46 (
138 (
121 (
252 (
87 (
102 (
163 )
212 )
108 (
81 (
2 (
128 )
124 (
235 )
209 (
242 (
36 (
202 (
5 (
189 (
97 )
226 (
48 (
248 )
124 (
134 )
274 (
81 (
253 )
233 (
1 (
33 (
244 )
262 )
79 )
26 (
279 (
53 )
66 (
261 )
121 (
299 (
286 (
264 )
245 )
22 )
294 )
219 (
132 )
246 )
49 (
116 (
8 (
202 )
107 (
190 )
10 (
249 )
296 (
246 (
185 )
249 (
249 )
147 (
281 )
260 (
171 )
114 (
39 (
329 (
81 )
98 (
76 (
287 (
214 )
325 )
316 (
203 )
200 )
284 )
95 )
21 (
112 )
307 (
340 )
135 (
341 (
176 (
187 (
174 )
1 )
50 (
284 )
295 )
273 )
141 )
315 (
148 )
35 )
270 (
299 )
92 )
36 )
98 )
250 (
70 )
360 )
291 )
369 )
130 )
259 (
345 (
137 (
166 (
181 (
115 (
289 )
163 (
216 )
363 )
302 )
334 )
295 (
1 (
15 )
372 )
161 )
375 (
300 (
326 )
114 )
31 (
97 (
153 )
366 (
22 (
89 )
319 )
89 (
275 (
164 (
60 (
216 )
82 )
279 )
330 )
122 (
234 )
171 )
13 )
28 )
184 (
40 )
24 (
395 )
343 )
229 (
139 (
125 )
221 )
275 )
346 )
124 (
113 )
210 )
60 )
20 (
254 )
221 (
138 (
205 (
310 (
137 (
308 )
444 )
366 (
309 )
383 )
203 )
212 (
202 )
210 )
125 (
415 (
183 )
252 )
159 (
390 (
15 (
392 )
207 (
214 )
138 )
257 )
403 )
4 (
56 (
142 )
236 (
130 (
25 )
319 )
454 )
270 (
367 (
130 (
14 (
56 (
426 (
39 (
217 )
412 )
201 (
93 (
482 )
277 )
481 )
339 )
379 )
368 )
477 )
51 (
87 (
379 )
173 (
394 )
90 (
332 )
216 (
130 )
71 (
47 (
399 (
367 )
328 )
79 )
471 (
422 (
135 (
164 )
393 (
2 (
198 (
445 (
44 (
170 (
84 )
342 )
169 )
339 (
475 )
180 )
292 )
108 (
200 )
330 (
334 )
437 (
266 )
13 )
77 (
280 (
429 )
361 (
285 (
129 )
360 (
172 (
190 (
201 )
5 (
512 (
356 (
462 )
170 (
67 (
80 )
169 )
495 )
138 )
466 (
302 (
302 )
434 (
308 (
272 (
196 )
174 )
44 (
131 )
450 )
275 )
481 (
148 )
467 (
525 )
202 )
61 )
34 )
39 (
533 )
490 )
477 )
249 (
333 )
237 (
94 )
186 (
564 (
546 (
228 (
4 (
307 )
52 (
105 )
166 (
138 (
482 (
51 (
398 )
226 (
211 (
498 (
417 )
426 (
283 (
443 )
66 )
416 )
499 )
107 )
529 (
551 (
369 (
457 )
110 )
462 )
317 )
600 (
171 (
158 (
566 )
506 )
569 (
147 (
387 (
225 (
557 (
506 (
226 (
191 (
56 (
534 (
69 )
181 (
539 )
162 (
415 (
22 (
613 (
340 (
316 )
589 (
345 )
323 )
170 (
285 (
277 )
382 (
257 )
109 )
337 (
9 (
592 )
353 )
288 )
23 (
429 )
527 (
558 )
157 (
5 )
615 (
354 )
545 (
601 )
273 )
300 (
247 )
403 )
607 (
377 )
199 (
446 (
627 (
125 )
45 (
634 )
108 )
178 )
114 )
662 (
49 (
533 )
531 (
464 )
304 (
532 )
39 (
561 (
504 )
143 (
418 )
26 (
310 (
116 (
561 (
464 )
684 )
467 (
435 (
396 )
382 (
683 (
86 )
668 )
563 (
671 (
650 (
220 (
411 )
184 (
587 )
318 (
505 (
400 (
461 (
650 )
247 )
686 (
200 (
303 )
315 )
213 )
18 )
245 )
423 )
295 (
675 (
536 )
189 (
324 )
417 (
355 )
39 (
374 (
119 (
131 (
441 )
384 )
569 (
424 )
397 (
392 )
47 (
536 )
559 (
439 )
493 (
719 )
611 (
13 (
334 (
671 (
724 (
693 (
367 (
670 (
506 )
706 )
563 )
643 )
566 )
415 )
96 )
137 (
430 (
314 (
501 (
276 )
702 )
605 (
606 (
554 )
88 (
244 )
557 (
452 )
450 (
517 (
81 )
166 (
172 )
277 (
541 (
314 (
133 (
363 )
455 (
385 (
606 (
767 )
423 (
225 (
628 (
407 (
134 )
45 (
171 (
165 (
604 )
744 )
756 (
176 (
191 (
751 (
247 (
388 )
265 )
130 (
373 (
316 (
223 (
343 (
713 )
13 (
675 )
711 (
553 (
221 )
70 )
495 (
8 (
641 (
625 )
192 )
227 (
458 (
493 )
456 )
498 )
412 (
524 )
326 )
89 )
171 (
421 )
498 (
598 )
419 (
364 )
19 )
523 )
9 (
213 )
95 )
175 )
707 (
532 (
158 (
763 (
775 )
681 )
67 (
142 )
723 (
13 )
66 (
619 (
380 (
163 )
252 (
706 (
77 )
643 )
551 )
761 )
355 (
489 (
439 (
745 )
564 (
781 (
694 (
721 (
700 (
773 (
212 )
486 )
743 )
585 )
616 (
814 )
444 )
600 )
865 (
277 )
577 )
552 )
166 )
78 (
459 (
423 (
103 (
597 (
865 )
379 (
1 (
270 (
355 (
600 )
398 )
864 (
761 )
721 (
779 (
220 )
705 (
141 (
892 (
412 (
620 (
788 )
99 (
202 )
725 (
426 )
662 )
832 )
223 (
380 )
108 )
734 (
515 )
14 )
524 (
807 )
23 (
554 (
310 (
789 (
339 )
824 (
32 (
671 )
524 (
787 (
18 )
616 (
25 )
738 (
930 (
570 (
767 )
490 (
225 )
212 (
554 (
287 (
649 (
386 )
176 )
485 )
5 )
51 )
844 )
238 (
347 )
497 )
317 (
629 )
645 )
571 (
205 (
932 (
200 )
89 )
256 (
749 )
428 )
777 (
207 (
147 (
51 (
382 )
104 (
69 (
562 (
171 (
34 )
469 (
546 )
814 (
776 )
656 (
576 )
246 )
381 (
766 )
897 (
694 )
605 )
80 (
199 (
180 (
492 )
747 (
10 (
148 (
814 )
10 )
952 (
328 (
Q 327 456
Q 744 464
F 403 664
Q 158 703
F 444 391
F 80 359
F 775 239
Q 458 733
F 326 155
F 587 753
F 522 646
Q 347 36
F 721 357
Q 604 75
F 218 748
Q 318 372
Q 622 443
F 893 805
F 830 404
F 453 694
Q 401 555
Q 834 228
F 316 422
F 765 645
F 498 351
Q 782 243
Q 23 229
Q 646 603
Q 49 542
Q 240 229
Q 827 22
Q 478 335
F 879 623
F 429 935
Q 209 98
F 736 72
Q 296 464
Q 573 759
Q 810 132
Q 254 826
F 827 573
Q 334 734
Q 370 530
Q 500 404
Q 836 475
Q 914 278
F 714 134
F 463 365
Q 665 46
Q 501 919
F 22 954
Q 384 574
Q 421 413
Q 777 50
Q 126 8
Q 766 364
F 576 278
F 15 828
Q 305 100
F 670 975
F 28 695
F 231 72
F 461 542
F 982 157
Q 158 571
Q 675 445
Q 65 823
F 945 534
F 398 539
F 223 513
F 251 431
Q 350 220
Q 848 355
Q 990 355
F 810 510
Q 893 350
Q 607 280
F 754 711
F 977 495
Q 623 67
F 591 502
Q 75 10
Q 652 388
Q 895 972
Q 19 317
F 545 291
F 185 796
Q 747 684
Q 368 880
F 489 176
Q 210 457
F 946 761
F 475 30
Q 364 992
F 990 133
Q 879 619
Q 870 722
Q 748 234
Q 460 39
Q 99 467
Q 861 464
Q 838 852
Q 504 542
Q 244 702
Q 308 952
F 523 459
F 543 130
Q 547 240
Q 34 363
F 186 703
Q 248 787
F 359 628
F 506 166
F 305 4
F 531 133
Q 198 539
F 39 195
F 206 660
F 104 237
Q 355 234
F 649 979
Q 192 401
F 166 950
F 455 32
Q 329 172
F 225 161
F 188 726
F 392 243
F 599 487
F 102 944
Q 576 610
Q 450 179
Q 261 749
F 140 959
F 467 838
Q 793 198
F 771 964
F 375 317
F 746 83
Q 25 469
Q 308 53
Q 435 575
F 499 736
Q 391 339
Q 146 504
F 621 323
Q 204 184
F 619 734
F 386 713
Q 597 561
F 94 870
F 948 486
F 49 359
Q 381 703
Q 455 558
Q 776 812
F 670 804
F 845 626
F 611 792
Q 643 299
F 279 748
F 339 830
Q 751 272
F 60 670
F 442 327
F 377 642
F 184 852
Q 923 380
F 859 643
Q 309 253
F 505 479
Q 167 8
Q 412 139
Q 286 433
F 797 76
Q 235 195
F 820 403
Q 362 467
Q 219 141
F 655 538
Q 421 430
Q 597 328
Q 237 523
F 774 138
Q 110 933
F 894 62
F 396 252
Q 627 637
F 122 379
F 633 682
F 595 989
Q 245 301
F 515 872
Q 445 531
F 756 867
F 17 945
F 895 687
F 725 421
F 472 646
F 421 289
Q 605 22
Q 939 361
F 812 946
F 771 185
Q 744 532
Q 63 390
Q 310 929
Q 710 472
Q 708 923
Q 923 228
Q 730 179
Q 515 840
F 874 173
Q 330 522
F 503 522
Q 584 621
Q 588 31
F 131 984
Q 534 432
F 143 812
Q 147 139
F 5 914
Q 492 51
Q 71 798
Q 827 470
Q 911 407
Q 908 125
F 282 642
F 858 275
F 694 711
F 404 587
Q 196 989
F 478 266
F 28 878
F 451 245
Q 258 830
F 758 708
Q 484 482
Q 645 520
Q 393 938
Q 104 920
F 548 342
Q 394 173
Q 565 603
Q 552 820
Q 776 181
F 265 656
F 311 770
Q 91 706
Q 255 129
Q 187 30
Q 892 306
Q 949 584
F 478 593
F 485 513
Q 255 993
Q 882 480
F 883 163
F 955 922
F 345 30
Q 438 381
F 771 427
Q 174 439
F 451 743
Q 409 58
F 529 197
Q 403 895
Q 401 980
Q 529 634
Q 158 871
Q 715 81
Q 768 116
Q 831 417
Q 61 84
Q 935 883
F 191 835
Q 27 636
F 891 154
Q 293 255
F 720 849
Q 513 583
F 593 448
Q 209 352
Q 72 828
Q 646 567
F 354 384
Q 383 627
F 459 750
F 855 990
Q 544 177
F 893 347
Q 275 52
F 44 284
Q 410 69
Q 379 648
F 529 788
Q 251 749
F 516 772
F 535 41
F 220 146
F 292 472
F 328 31
Q 863 616
F 785 5
Q 920 983
F 859 334
F 501 159
F 110 791
Q 117 692
F 511 654
Q 368 15
Q 120 455
F 487 110
Q 695 884
Q 985 675
Q 335 958
F 119 898
Q 891 712
Q 98 232
F 23 336
F 328 673
Q 23 453
Q 270 641
Q 903 182
Q 166 629
F 210 696
F 553 861
F 677 991
F 189 368
Q 653 906
Q 803 884
F 413 824
F 199 922
Q 490 342
F 190 234
F 323 255
Q 487 67
Q 397 873
F 518 637
Q 921 565
Q 913 458
Q 274 938
Q 351 634
Q 590 108
Q 313 483
Q 946 165
Q 948 618
F 613 702
Q 856 112
F 123 277
F 155 557
Q 132 263
Q 157 188
F 792 446
Q 438 542
F 581 564
F 606 956
Q 608 284
F 536 893
F 424 895
F 274 362
Q 359 485
Q 506 269
F 25 626
F 96 155
F 552 76
F 765 854
Q 793 598
F 430 745
Q 861 146
F 112 962
F 266 753
Q 832 834
Q 821 847
F 982 958
Q 239 924
F 426 381
Q 657 211
F 596 944
Q 788 666
Q 84 916
F 802 281
F 644 302
Q 909 991
Q 739 759
F 193 489
Q 385 12
F 445 418
Q 499 315
F 82 111
Q 564 844
F 616 329
F 654 695
Q 101 167
Q 861 839
F 376 669
F 242 144
Q 727 502
Q 906 532
Q 539 301
F 504 925
Q 875 475
Q 493 300
Q 846 176
Q 544 642
F 552 254
Q 343 374
Q 464 299
F 312 499
Q 603 577
Q 801 631
Q 957 539
Q 504 831
F 795 110
Q 43 340
F 988 683
F 460 290
F 864 498
F 366 391
Q 189 599
F 333 926
F 386 665
Q 354 195
Q 800 751
Q 616 643
Q 48 549
F 232 61
Q 723 100
F 615 409
F 372 527
F 507 276
Q 425 57
F 347 975
F 258 242
F 50 145
Q 445 933
F 619 426
Q 883 961
Q 724 98
Q 1 827
Q 164 605
Q 835 400
F 473 160
F 262 900
Q 888 419
F 958 427
Q 401 136
F 468 573
F 682 749
F 227 163
Q 491 977
F 122 295
Q 813 518
Q 914 141
Q 204 153
F 492 548
F 515 697
Q 418 829
Q 853 72
Q 916 68
F 85 791
Q 632 150
F 893 588
F 198 119
F 406 620
Q 347 256
Q 358 499
Q 208 822
Q 346 632
Q 223 302
Q 833 919
Q 212 529
F 279 55
F 868 447
F 671 425
Q 461 38
F 45 53
F 758 967
Q 45 276
F 189 369
Q 176 325
F 7 588
F 639 829
Q 507 749
F 235 660
F 893 387
Q 3 444
Q 193 401
F 92 636
F 23 945
F 124 463
Q 570 161
F 128 825
F 371 464
F 152 924
Q 542 338
F 581 181
F 409 920
Q 524 497
Q 695 199
F 33 784
Q 711 246
Q 393 952
Q 342 167
F 23 246
F 793 317
Q 219 552
Q 21 191
F 864 509
Q 785 30
Q 265 158
F 480 976
Q 206 170
F 937 295
F 918 667
Q 231 828
Q 795 774
Q 665 36
Q 177 348
Q 652 188
Q 236 959
Q 370 694
F 383 592
F 349 378
Q 464 538
F 148 478
F 306 755
F 560 138
Q 848 511
Q 983 703
Q 205 216
F 39 989
F 463 139
Q 933 257
Q 74 32
F 550 787
F 938 445
F 30 761
Q 338 387
Q 532 572
Q 735 422
Q 734 75
Q 241 224
F 395 301
F 762 969
Q 819 280
F 487 677
F 885 618
Q 366 425
F 683 38
Q 260 585
Q 585 227
Q 656 794
F 363 79
F 187 711
Q 129 202
F 798 312
F 777 644
Q 201 563
Q 541 178
F 52 631
Q 403 919
Q 576 158
F 245 234
F 571 751
Q 131 541
F 854 581
Q 125 982
F 15 957
F 935 745
Q 927 327
Q 678 98
F 610 435
F 488 957
F 816 719
F 205 418
Q 113 912
F 177 444
F 95 36
F 409 289
Q 827 972
Q 694 31
F 305 881
Q 681 833
Q 836 631
Q 956 916
F 315 943
Q 843 287
Q 865 153
F 715 281
Q 705 50
Q 61 808
Q 29 38
Q 272 324
Q 892 507
Q 919 699
F 701 450
F 24 23
Q 529 395
F 547 899
F 376 410
F 293 447
F 138 293
F 184 373
Q 275 96
F 925 709
Q 66 646
Q 434 199
F 880 990
Q 442 36
F 586 75
F 195 560
F 164 435
Q 85 704
Q 629 385
Q 449 971
F 96 651
Q 750 968
Q 521 691
F 464 329
F 836 108
F 817 480
F 101 389
Q 708 393
Q 199 268
Q 57 297
F 435 886
F 793 433
F 329 194
Q 0 891
F 567 817
F 837 710
F 718 692
Q 127 730
F 227 203
Q 305 642
Q 195 773
Q 783 562
F 639 969
F 820 899
F 237 770
F 673 434
Q 290 498
F 712 798
F 759 542
Q 801 530
F 114 981
F 151 735
F 459 81
F 170 554
F 953 582
F 638 805
F 255 734
Q 751 305
F 299 440
Q 153 432
F 938 184
Q 224 966
Q 888 854
F 848 573
Q 871 875
F 700 302
Q 22 952
Q 103 585
Q 410 794
F 847 601
Q 171 827
Q 104 959
Q 613 79
Q 833 195
Q 785 721
Q 439 405
F 626 832
Q 684 536
F 254 698
Q 848 738
Q 487 142
F 263 926
F 958 580
Q 859 562
Q 642 269
F 130 852
Q 530 578
F 665 827
F 16 138
Q 45 274
Q 921 16
Q 825 909
F 146 390
F 935 172
F 965 417
Q 495 710
F 582 109
F 125 17
Q 719 734
Q 225 515
F 142 648
Q 661 908
F 346 500
Q 307 980
Q 686 664
Q 580 607
Q 558 538
Q 725 127
F 710 186
Q 931 439
Q 251 532
Q 259 584
F 397 390
F 48 174
Q 442 424
F 70 461
F 221 885
Q 413 706
F 409 337
Q 550 924
F 869 821
Q 419 456
Q 14 222
F 408 602
F 253 287
Q 662 214
Q 373 171
Q 820 907
Q 625 589
Q 792 120
F 632 701
Q 772 581
Q 198 143
Q 177 23
F 192 911
F 524 470
Q 316 109
Q 826 210
Q 702 594
Q 120 78
F 681 571
Q 189 76
Q 155 804
Q 881 466
F 209 988
Q 708 64
Q 793 143
Q 696 594
F 782 24
Q 387 356
Q 398 684
Q 490 522
Q 319 26
F 964 301
Q 91 48
Q 930 210
Q 868 271
F 930 406
Q 76 347
Q 469 183
Q 954 921
Q 624 395
F 770 808
F 883 89
Q 332 367
F 736 369
Q 837 14
F 515 872
Q 725 221
Q 5 315
Q 724 422
Q 813 962
Q 334 576
F 409 877
F 368 210
F 800 502
Q 847 232
F 342 386
F 935 185
F 635 509
Q 710 857
F 788 755
Q 126 555
F 79 969
Q 875 90
F 483 411
Q 60 446
F 150 975
Q 689 522
Q 558 634
F 224 106
F 511 416
F 492 138
Q 982 133
Q 164 310
Q 774 185
Q 851 162
F 105 833
Q 901 184
F 45 166
F 496 815
F 378 370
Q 313 27
Q 878 961
Q 368 819
F 13 71
F 317 680
Q 802 407
Q 364 415
Q 176 389
F 822 630
F 419 928
Q 314 54
Q 674 826
Q 505 583
Q 57 533
F 139 51
Q 618 134
F 650 723
Q 127 636
F 738 687
Q 774 981
F 789 10
F 559 156
F 676 532
F 356 151
Q 420 945
F 458 252
Q 662 690
Q 845 529
Q 794 755
F 521 860
Q 51 590
Q 63 925
F 333 792
F 10 156
F 461 560
Q 601 174
F 267 427
Q 358 376
Q 515 198
Q 932 96
Q 555 988
F 792 364
Q 278 513
Q 501 308
Q 713 217
Q 349 740
Q 195 204
F 582 968
Q 881 706
Q 853 42
F 848 29
Q 639 224
Q 863 703
Q 969 804
Q 250 741
F 433 25
F 986 411
Q 309 515
Q 24 767
Q 606 209
F 677 17
Q 609 873
F 173 575
F 739 483
Q 268 379
F 715 940
F 197 746
F 264 954
Q 420 662
Q 554 507
Q 58 125
Q 529 765
F 853 664
Q 592 858
Q 469 391
F 219 477
F 225 935
F 207 156
Q 138 209
F 665 923
F 871 31
Q 96 440
Q 48 431
Q 238 45
Q 510 360
Q 766 555
Q 510 566
Q 790 445
Q 48 454
F 777 766
Q 683 341
F 804 232
F 212 847
Q 284 308
F 287 921
F 777 291
F 341 384
Q 459 957
Q 136 892
Q 541 228
F 190 847
Q 929 439
F 799 510
Q 230 127
Q 977 628
Q 80 590
F 473 371
F 309 7
Q 92 481
F 24 222
F 633 374
Q 15 858
Q 712 464
Q 348 847
Q 854 601
F 203 718
F 925 219
F 410 255
F 185 916
Q 513 538
Q 355 534
F 725 917
F 883 135
Q 184 531
Q 314 276
F 68 917
F 523 966
F 143 677
F 72 191
Q 90 661
Q 40 544
Q 980 355
Q 414 607
F 812 572
Q 79 358
Q 353 206
F 918 409
F 413 215
Q 792 617
F 557 345
F 583 813
F 523 900
F 280 956
Q 156 825
F 808 255
Q 783 18
Q 229 779
F 94 33
Q 590 519
F 459 900
Q 861 534
F 876 529
F 492 9
F 458 1
Q 199 931
F 594 604
F 396 308
Q 903 162
F 523 406
F 719 449
Q 742 661
F 484 702
Q 569 104
F 231 482
F 89 324
Q 263 936
F 375 898
F 888 804
F 523 515
Q 513 155
F 745 148
F 113 681
Q 113 960
F 786 335
F 224 558
F 790 373
F 819 673
F 241 418
Q 216 943
Q 14 497
F 28 353
F 320 21
F 700 242
F 696 672
F 951 273
F 958 253
F 447 630
Q 223 391
F 416 223
Q 547 958
F 712 960
F 732 94
Q 802 367
F 595 732
Q 723 59
F 903 581
Q 333 28
F 290 992
Q 45 422
