998 994
0 (
0 (
2 )
2 (
4 (
0 (
6 )
7 (
2 (
2 )
2 )
10 )
9 )
4 (
0 )
0 )
7 (
5 )
8 )
16 (
11 (
21 )
18 )
16 )
20 )
10 )
6 )
10 )
20 )
16 (
8 )
8 )
25 (
27 )
29 (
4 (
29 )
22 )
23 )
9 )
33 (
16 (
28 )
32 )
0 (
35 )
31 )
4 (
8 )
0 (
19 )
30 (
26 (
3 )
1 )
42 (
14 (
30 (
9 )
48 (
52 (
23 (
43 (
44 (
32 (
14 )
22 (
14 )
34 )
34 (
32 )
43 (
52 )
56 )
56 )
34 )
64 )
26 (
62 (
8 (
23 )
17 )
36 )
37 )
11 )
53 )
12 (
44 (
85 )
1 (
38 )
47 )
45 )
70 (
20 (
64 )
64 (
31 (
95 (
69 )
83 )
34 (
75 (
37 (
60 (
30 )
85 )
61 )
90 (
36 )
74 (
60 (
104 )
30 (
49 )
64 (
47 (
86 (
111 (
7 )
112 (
87 )
29 )
66 (
25 (
4 (
90 )
69 (
10 (
32 (
64 (
88 )
50 )
43 (
70 )
88 (
23 (
11 )
33 )
56 (
24 )
101 (
67 )
17 )
94 (
4 (
78 )
11 )
29 (
83 )
126 )
1 )
120 (
146 )
34 )
33 (
67 )
110 (
33 (
25 (
143 )
114 )
44 (
139 )
6 (
4 (
57 (
75 (
166 )
152 (
119 )
67 )
42 )
47 (
165 (
166 )
153 )
18 (
139 (
18 (
138 )
134 (
1 (
12 )
44 (
3 (
62 (
48 (
11 )
184 )
114 )
158 )
157 (
46 (
47 )
111 (
16 )
105 (
180 )
85 (
25 )
171 (
30 (
59 (
147 )
121 (
100 )
139 (
72 (
96 (
54 (
205 (
8 (
139 )
23 (
31 (
66 (
12 (
196 )
128 (
47 )
64 (
197 (
19 )
156 )
219 )
10 (
10 (
138 (
218 (
19 (
217 )
39 )
200 )
182 )
19 )
57 )
106 (
188 )
176 )
112 )
122 (
101 (
29 (
5 )
158 )
206 )
2 (
61 (
222 (
140 (
203 )
200 (
224 )
230 (
153 )
143 (
181 )
224 )
190 )
113 )
103 )
221 (
60 )
80 (
130 (
46 )
35 )
34 )
254 (
96 )
246 (
99 (
23 )
156 )
197 (
212 )
126 )
7 )
182 (
273 (
225 (
232 )
160 )
114 (
265 )
144 (
238 (
16 (
238 (
143 )
126 )
36 )
167 (
23 (
216 (
170 (
136 )
296 (
219 (
191 (
13 )
26 )
59 (
281 (
72 )
225 (
254 (
265 (
70 )
103 )
258 (
294 )
217 (
79 )
228 (
124 )
142 (
249 (
212 )
34 )
105 (
276 (
135 (
86 )
137 )
294 (
316 (
269 )
56 )
95 (
63 )
224 )
272 )
205 )
145 (
87 (
29 )
166 (
58 )
84 (
114 )
42 )
310 (
81 (
67 )
212 )
345 )
221 (
271 (
53 (
330 (
83 )
150 (
260 (
156 (
334 )
66 )
106 )
336 )
12 (
288 (
221 (
180 )
46 (
36 (
262 (
264 (
8 (
294 (
255 (
55 (
124 (
114 (
135 (
90 )
376 )
104 (
99 )
77 )
349 )
149 (
149 )
337 )
98 (
148 )
252 )
228 (
234 )
14 )
293 )
116 )
37 (
249 )
355 (
101 )
87 )
195 (
139 (
62 (
227 (
324 (
56 )
20 )
47 )
51 )
93 )
207 (
117 )
191 )
390 )
163 )
161 )
385 )
3 (
71 (
387 (
75 (
63 )
142 (
27 (
135 )
15 (
97 )
236 )
264 )
194 )
238 (
195 )
387 )
46 (
309 )
368 )
12 )
22 )
173 (
80 (
110 (
223 (
140 )
30 )
10 (
108 (
364 (
431 (
179 )
425 )
78 (
205 )
359 )
449 (
27 )
320 )
102 )
65 (
294 )
149 )
15 )
372 )
332 )
383 )
269 )
267 )
12 (
407 (
48 )
323 (
263 (
137 )
113 )
347 )
345 (
350 )
123 (
102 )
338 )
46 )
311 (
75 )
357 (
324 (
54 (
70 )
393 )
378 (
429 )
76 )
435 (
238 )
252 (
41 (
329 )
153 )
96 )
30 (
355 )
462 )
349 (
224 )
129 )
448 (
237 )
149 )
78 (
227 )
454 (
306 (
143 )
40 )
149 (
263 (
141 (
162 )
458 )
268 (
291 (
284 )
459 (
396 )
249 )
374 (
296 )
235 (
495 (
370 (
22 (
191 (
475 (
457 )
411 (
408 )
7 (
199 )
406 )
376 )
476 (
45 )
14 (
162 )
33 (
486 )
466 )
231 (
69 )
443 )
479 )
400 )
421 (
214 )
47 )
250 )
94 (
505 (
539 (
491 )
54 (
527 (
527 (
173 (
274 (
290 (
186 )
215 (
261 (
114 )
206 )
370 )
73 (
293 (
64 (
153 )
356 )
501 (
69 )
294 (
364 )
548 )
522 )
408 )
555 )
7 (
581 (
136 )
412 )
156 )
436 (
403 )
28 (
472 )
138 )
65 )
314 (
128 (
15 (
159 (
516 )
209 )
78 )
336 )
599 (
294 )
62 )
89 )
382 (
311 )
400 )
141 )
101 (
531 )
455 )
376 )
398 )
469 )
95 (
332 (
59 (
464 (
182 (
31 )
551 (
304 (
434 (
437 )
163 (
266 )
401 (
239 (
258 )
335 )
375 (
18 (
222 )
534 (
303 (
601 )
1 )
400 (
28 )
625 )
77 )
598 )
299 (
312 )
477 )
368 )
470 (
88 (
9 (
81 (
196 (
437 )
582 )
254 (
3 )
442 (
459 (
63 )
610 )
379 (
401 )
575 (
558 )
412 )
484 (
528 (
485 )
208 )
308 )
3 (
356 )
179 (
38 )
623 (
535 (
187 (
500 )
82 (
481 (
536 )
16 (
284 )
439 (
358 (
21 (
13 )
521 )
481 )
372 )
266 (
242 )
231 )
221 (
55 (
333 (
496 (
595 )
454 (
328 )
629 (
616 )
650 (
132 (
116 (
302 )
591 )
429 )
56 (
35 )
242 (
470 (
547 )
311 (
700 )
504 )
681 )
665 )
94 )
545 )
16 (
157 )
679 )
390 )
466 (
408 (
120 )
346 )
142 )
418 (
462 (
326 (
551 )
3 )
303 (
570 )
97 )
712 )
356 (
511 )
605 )
67 (
183 )
707 (
451 (
422 )
615 )
558 )
98 (
644 (
189 )
512 )
744 (
198 (
460 (
127 (
29 )
480 )
472 )
37 )
150 )
490 (
98 (
15 (
646 (
715 (
213 (
664 (
114 )
401 )
544 )
554 (
413 (
399 )
717 )
206 )
545 (
245 (
113 (
593 )
762 )
100 (
149 (
278 )
507 (
32 (
676 )
657 (
584 (
696 (
1 (
51 )
641 )
425 (
717 (
753 (
696 (
731 (
357 )
747 (
689 )
747 )
156 )
440 (
49 (
171 (
677 (
272 (
359 (
805 )
608 (
753 (
403 (
365 )
41 (
785 (
398 (
586 )
491 )
68 )
20 (
140 (
64 (
225 )
249 )
569 (
404 )
515 )
582 )
84 )
564 )
136 )
460 )
501 (
155 (
127 (
281 (
808 (
602 (
100 )
816 (
333 (
604 )
419 )
717 (
329 )
724 )
322 )
844 (
244 )
365 )
535 (
317 (
613 )
570 (
833 )
537 )
569 )
196 (
701 )
631 )
284 (
243 (
285 )
520 )
559 )
46 (
131 (
200 (
764 (
267 (
655 )
270 )
229 (
843 (
158 )
471 (
162 (
14 )
294 (
566 (
30 )
645 )
807 (
240 (
558 )
350 (
189 (
593 (
281 )
841 )
411 (
554 )
397 (
738 (
293 )
768 (
505 (
631 )
862 )
53 (
821 (
12 )
869 )
251 )
110 )
729 (
380 )
624 (
819 (
447 (
389 )
534 )
152 (
766 )
401 )
416 (
531 )
867 (
108 )
558 )
322 (
320 )
868 (
28 (
434 )
152 )
599 (
193 )
916 (
742 )
818 )
842 (
922 (
547 )
508 )
230 (
918 )
86 )
611 )
850 )
676 )
905 (
753 )
843 (
531 (
680 (
448 )
456 )
40 (
443 )
99 (
609 (
611 )
376 )
471 )
267 (
796 )
651 )
61 )
406 (
767 )
520 (
594 (
840 )
756 (
41 (
267 )
637 )
383 (
886 )
76 (
297 (
549 (
835 )
693 (
122 (
718 )
471 )
139 )
967 )
514 (
346 (
746 (
514 )
676 )
483 )
820 )
454 )
165 (
423 )
525 (
58 )
954 )
218 )
280 (
730 (
857 )
164 )
F 481 596
Q 667 337
Q 206 396
Q 836 178
Q 536 633
Q 729 735
F 933 901
F 824 989
Q 773 16
F 361 495
F 279 168
Q 591 692
F 312 751
F 363 491
Q 400 84
F 731 493
Q 801 872
Q 599 126
Q 390 978
Q 270 190
Q 869 255
F 423 719
F 432 903
Q 185 647
Q 19 257
Q 201 553
F 193 763
Q 914 522
Q 147 684
Q 960 871
Q 470 109
F 155 50
Q 397 171
Q 725 321
Q 884 18
Q 767 265
F 93 444
Q 284 715
Q 517 844
Q 351 244
F 448 262
F 249 368
Q 898 566
Q 601 456
F 977 635
Q 121 150
Q 46 907
Q 599 981
F 164 423
F 857 555
F 601 282
F 445 292
Q 864 711
F 414 640
Q 714 438
F 340 92
Q 649 983
F 447 2
F 471 47
Q 176 632
F 370 264
F 489 677
F 313 902
Q 955 855
F 779 819
Q 959 960
Q 98 830
F 110 879
Q 826 804
F 648 528
Q 776 679
F 442 334
Q 208 356
F 565 912
Q 370 374
F 299 403
Q 17 984
F 890 415
Q 974 409
Q 643 53
F 631 131
F 485 835
F 284 618
F 750 871
F 81 724
Q 83 238
Q 793 928
F 123 210
F 141 834
Q 957 416
Q 198 47
Q 930 816
Q 784 904
Q 271 359
F 440 952
F 643 934
Q 442 344
F 661 991
F 706 320
F 733 308
F 39 243
F 223 247
F 598 459
F 521 879
Q 503 83
F 308 841
F 782 908
F 101 862
F 851 212
Q 791 254
Q 932 93
Q 904 859
Q 263 387
Q 997 7
F 452 198
Q 953 523
F 189 460
F 462 324
F 941 636
F 96 156
F 313 889
F 78 143
F 565 832
Q 689 354
F 105 527
Q 828 398
F 387 330
Q 344 628
Q 318 198
F 482 578
Q 747 289
Q 29 844
Q 65 987
Q 60 746
F 617 105
Q 411 904
Q 525 272
F 584 19
F 434 35
Q 704 284
F 813 981
F 300 16
Q 548 793
Q 380 582
Q 652 486
Q 466 486
F 246 379
Q 633 50
Q 150 446
Q 943 710
F 631 154
Q 594 414
F 729 864
Q 565 598
F 329 118
F 154 715
F 591 626
F 362 615
Q 763 892
F 776 18
Q 293 260
Q 383 916
Q 450 789
F 798 236
Q 569 275
F 118 559
Q 273 995
Q 446 534
Q 324 93
F 53 811
Q 739 908
Q 201 17
Q 339 244
F 708 594
F 713 333
F 991 673
Q 789 847
Q 303 123
Q 242 884
F 527 67
Q 636 902
F 128 724
Q 188 862
F 638 219
F 816 535
Q 966 985
Q 166 511
F 47 706
Q 432 968
F 321 224
Q 721 708
F 547 432
Q 356 928
F 458 936
F 147 970
F 416 764
Q 405 346
F 177 345
Q 568 300
F 394 351
Q 746 472
Q 896 556
Q 984 327
Q 792 157
Q 509 600
F 311 630
F 862 874
F 34 958
F 79 921
Q 836 587
F 878 931
F 841 643
Q 223 861
F 312 495
Q 290 227
F 828 233
F 239 112
Q 263 295
Q 146 884
F 410 697
Q 468 955
Q 277 359
F 17 263
F 435 254
F 176 217
F 129 8
Q 925 942
Q 603 227
Q 619 224
Q 91 308
Q 312 725
F 357 289
F 676 274
F 788 852
Q 925 984
Q 323 759
Q 12 683
F 771 688
Q 270 52
Q 256 507
F 457 928
F 170 671
Q 837 74
Q 869 659
Q 435 565
Q 890 666
Q 625 652
Q 110 298
Q 756 336
Q 825 334
Q 726 380
Q 985 248
F 586 799
Q 271 228
Q 610 32
F 960 832
Q 818 932
Q 753 278
F 24 423
Q 95 254
Q 661 571
F 587 116
Q 518 813
Q 629 683
F 362 684
Q 471 197
Q 434 644
Q 339 994
F 191 351
Q 13 333
Q 279 656
Q 657 57
Q 120 899
Q 942 330
F 84 672
F 38 563
Q 422 396
Q 313 813
F 904 787
Q 291 311
F 393 368
Q 26 284
F 297 49
F 539 109
F 826 679
F 972 22
Q 682 915
F 802 563
F 594 733
Q 857 405
Q 158 411
Q 804 19
Q 518 294
Q 196 265
Q 642 101
F 902 531
F 27 788
F 959 894
Q 125 277
F 538 300
F 39 518
F 598 352
F 263 403
F 883 75
F 763 816
F 524 44
F 725 652
Q 669 347
F 12 579
F 439 977
F 640 570
Q 376 25
Q 343 270
Q 482 657
F 239 365
F 233 733
Q 212 771
F 106 702
F 815 323
Q 394 844
Q 958 642
Q 157 125
Q 99 311
F 797 904
F 853 942
F 728 621
F 3 460
Q 265 486
Q 453 758
F 456 289
F 783 29
Q 278 727
Q 288 398
Q 89 219
F 869 962
F 43 83
F 645 513
Q 168 800
Q 720 524
Q 644 867
Q 474 133
F 510 865
Q 321 808
Q 965 457
Q 225 963
F 365 775
Q 418 333
F 89 921
F 957 272
F 681 883
F 90 478
F 798 98
Q 718 426
F 613 114
Q 907 33
F 426 408
Q 164 809
F 429 638
Q 734 278
F 516 531
Q 432 933
F 196 919
Q 213 172
F 119 236
F 422 879
F 60 719
F 133 420
F 142 440
Q 682 273
F 170 836
Q 286 512
Q 371 620
F 35 469
Q 191 40
F 819 524
F 597 695
F 943 536
Q 381 942
F 518 670
Q 788 745
Q 786 569
Q 38 37
F 112 286
Q 376 381
F 859 68
F 480 956
Q 724 297
Q 294 764
Q 892 501
F 78 465
F 625 194
F 312 654
F 584 28
F 313 367
F 653 302
F 793 608
F 624 348
Q 303 754
F 892 692
F 552 566
Q 604 577
F 335 424
F 380 495
Q 409 339
Q 535 623
F 672 783
Q 685 736
Q 172 363
F 161 511
Q 780 255
F 497 848
Q 524 848
Q 851 378
Q 775 834
Q 926 344
F 137 295
F 444 868
Q 417 635
Q 275 554
F 864 414
F 836 889
F 856 367
F 208 790
F 996 965
F 995 965
Q 424 939
F 390 885
Q 576 567
Q 556 631
Q 404 74
Q 943 567
Q 31 145
Q 54 799
F 76 827
F 858 64
Q 27 604
Q 484 361
Q 854 961
Q 32 320
F 336 389
Q 544 846
F 299 582
Q 385 971
F 85 143
F 684 399
F 69 507
Q 368 811
F 292 171
Q 859 84
F 952 235
F 158 483
F 844 392
F 106 654
F 364 640
Q 371 51
F 36 855
Q 303 648
Q 721 659
F 895 900
Q 151 755
Q 993 502
Q 442 978
Q 740 545
Q 920 882
F 373 656
F 451 44
Q 574 857
Q 199 401
Q 183 127
Q 21 904
Q 350 897
Q 468 212
Q 865 555
F 414 769
Q 813 993
Q 312 570
F 86 588
Q 121 556
F 482 966
F 267 825
Q 911 197
F 153 769
Q 897 962
F 420 447
F 614 358
Q 167 76
Q 961 513
F 538 975
Q 751 240
F 14 708
F 512 433
F 759 151
Q 486 88
Q 950 331
F 25 262
F 498 456
Q 973 386
Q 819 867
F 755 894
F 958 463
Q 729 854
Q 799 319
Q 235 748
F 993 119
F 264 955
F 524 315
Q 575 206
F 690 403
Q 482 220
Q 705 832
Q 146 894
F 563 396
F 450 431
Q 853 727
F 967 192
Q 354 641
F 376 859
F 648 896
Q 17 546
Q 329 25
F 625 310
F 724 987
F 849 875
F 784 276
F 85 714
F 864 297
F 669 985
F 335 89
Q 650 973
F 577 976
Q 159 506
Q 448 829
F 616 581
Q 472 510
Q 142 715
F 883 312
Q 69 55
F 646 845
F 9 968
F 277 414
Q 510 20
F 371 149
Q 387 412
F 153 493
Q 780 862
Q 533 44
F 525 734
F 483 346
Q 743 648
Q 818 56
F 297 898
F 447 149
Q 384 556
Q 552 524
F 373 36
Q 688 444
F 912 598
F 455 114
Q 57 458
Q 367 249
Q 569 831
Q 43 120
Q 746 177
F 687 311
F 382 76
Q 306 97
F 162 858
F 270 752
F 593 992
Q 428 689
F 782 239
F 583 502
F 293 699
F 696 629
Q 954 161
Q 237 914
F 410 340
Q 597 395
Q 555 525
F 30 988
F 876 540
F 793 449
Q 200 851
Q 246 716
Q 171 112
Q 216 365
Q 510 721
F 454 175
Q 510 562
Q 105 817
Q 461 284
Q 415 145
F 928 798
F 505 436
Q 862 886
F 406 506
Q 46 586
F 843 275
Q 425 606
Q 556 631
Q 429 922
F 324 272
Q 605 104
F 934 734
Q 939 573
F 923 468
F 839 201
F 517 697
F 739 301
F 799 906
Q 516 278
Q 677 241
Q 831 349
F 200 210
F 199 787
Q 92 239
F 436 353
Q 332 881
F 500 977
Q 942 804
F 663 275
Q 200 145
Q 519 644
Q 579 78
F 212 836
Q 961 830
Q 231 50
F 258 422
F 925 828
F 286 129
F 107 422
Q 451 941
Q 931 629
Q 101 777
F 904 58
F 572 238
F 344 600
F 4 974
Q 192 503
Q 543 630
F 934 201
F 344 205
Q 17 384
F 333 991
F 599 199
F 379 183
Q 668 809
F 167 78
F 729 982
Q 55 569
Q 231 881
F 821 10
F 735 846
F 467 628
Q 944 788
Q 872 462
F 970 576
Q 984 329
Q 683 578
F 55 807
F 951 287
Q 387 25
Q 853 102
F 211 172
Q 345 116
F 536 390
Q 735 823
Q 603 909
F 155 447
Q 135 37
Q 882 385
F 242 432
F 163 419
Q 285 773
F 506 741
Q 929 39
F 368 389
F 720 976
F 25 579
F 171 387
F 340 891
Q 114 275
Q 549 90
F 698 949
Q 844 483
F 721 784
F 32 98
F 303 459
F 14 152
Q 321 787
F 69 797
F 585 153
F 828 106
Q 415 950
Q 194 398
Q 865 894
Q 782 883
F 897 37
Q 337 856
F 254 108
Q 859 52
F 919 378
F 476 701
F 685 252
F 356 812
F 16 845
F 273 86
F 81 477
Q 792 923
Q 744 994
F 454 646
F 447 975
F 622 974
F 67 961
F 888 479
F 293 671
Q 360 476
F 357 872
F 599 543
F 652 97
F 632 816
Q 118 212
F 546 506
Q 847 652
Q 137 234
F 837 314
F 158 269
F 501 633
F 567 755
F 140 592
Q 377 785
Q 955 991
Q 728 942
Q 911 669
F 178 638
Q 160 432
F 955 360
F 285 705
Q 778 123
F 781 892
F 853 746
Q 846 660
F 808 140
Q 197 785
Q 420 516
Q 315 808
F 103 940
F 984 977
Q 455 818
F 15 279
Q 861 647
Q 519 108
Q 29 547
F 262 529
Q 600 16
Q 250 84
F 359 109
F 715 875
F 651 304
F 93 668
F 606 368
F 283 206
Q 641 312
F 262 658
F 936 402
F 707 133
F 19 849
F 394 877
Q 525 47
Q 809 911
F 490 505
F 617 473
F 143 759
F 962 424
F 568 31
Q 792 833
F 318 550
F 202 423
Q 6 440
Q 630 926
F 432 976
F 815 257
Q 220 838
F 55 582
F 526 904
Q 194 253
Q 533 407
F 546 272
F 932 594
F 135 399
Q 260 837
F 416 751
Q 927 416
F 911 556
Q 341 94
F 826 865
F 173 546
F 599 161
Q 591 568
F 841 870
F 73 986
Q 239 141
F 920 982
F 700 346
F 96 0
Q 558 484
F 124 41
F 109 85
Q 869 702
Q 934 424
Q 180 478
Q 458 446
F 135 420
Q 741 388
F 402 778
F 875 748
Q 839 705
F 54 819
F 576 419
F 217 340
Q 602 49
F 773 538
Q 268 860
F 449 634
Q 855 347
Q 553 840
F 298 744
F 858 181
Q 289 402
F 204 977
Q 588 52
Q 13 331
Q 539 3
Q 179 8
F 436 896
F 525 123
Q 867 519
Q 443 305
Q 551 680
F 186 774
F 502 88
Q 342 545
F 310 210
F 292 237
Q 335 737
F 590 355
F 808 769
F 83 576
F 644 17
Q 714 44
F 540 955
Q 166 942
F 142 445
Q 604 982
F 413 986
F 578 790
F 495 63
Q 542 733
Q 571 780
F 682 769
F 776 770
F 120 451
F 636 751
Q 476 810
Q 948 655
F 401 951
Q 961 950
Q 574 995
F 314 679
F 396 451
F 822 546
Q 253 776
F 175 99
Q 197 441
Q 264 932
F 840 752
F 65 579
Q 981 589
F 324 19
F 351 388
F 484 122
F 20 131
F 657 226
Q 910 899
Q 559 648
F 859 510
Q 555 280
Q 815 880
F 833 612
F 656 78
F 952 662
Q 591 671
Q 345 670
F 607 963
Q 335 543
F 66 935
F 533 280
F 563 814
Q 251 242
F 481 800
F 747 532
Q 369 825
Q 802 921
Q 284 878
F 480 27
F 219 938
F 645 521
F 512 324
Q 958 517
F 406 896
Q 239 886
F 893 602
Q 40 978
Q 49 312
Q 886 699
Q 574 196
Q 968 53
Q 286 587
Q 366 911
Q 490 214
Q 449 682
Q 333 977
Q 635 857
Q 754 706
F 942 331
Q 876 153
Q 601 162
Q 473 83
Q 783 623
Q 980 780
F 318 169
F 931 693
Q 151 884
F 42 595
F 446 165
F 127 680
F 23 396
Q 895 424
Q 537 389
Q 5 203
Q 205 886
F 784 711
F 775 266
Q 512 74
F 134 686
F 674 87
Q 479 621
Q 65 566
F 227 286
F 760 360
F 948 608
Q 875 220
F 414 149
F 312 645
Q 342 113
F 645 40
Q 602 878
F 773 184
Q 90 890
F 5 803
F 719 980
F 428 85
F 735 906
F 507 619
Q 89 921
F 993 526
Q 425 495
F 802 260
Q 176 554
F 971 361
Q 678 447
F 1 561
F 525 486
Q 928 192
Q 908 181
F 787 504
F 905 570
Q 539 12
Q 788 602
Q 898 116
Q 923 491
F 773 396
F 231 334
Q 50 676
Q 852 309
Q 543 453
Q 459 580
F 108 844
Q 577 843
F 854 23
Q 918 623
Q 768 638
F 40 330
Q 946 154
