997 994
0 )
1 (
2 )
3 (
0 (
4 )
4 )
0 )
2 (
3 (
3 (
3 )
9 )
8 (
9 )
15 (
6 (
17 )
7 (
16 (
8 (
21 )
22 (
6 (
4 (
19 )
10 )
26 )
24 (
3 (
5 (
7 (
31 )
5 (
20 )
18 )
3 )
27 (
17 )
27 )
31 )
16 (
26 (
18 )
33 )
28 (
18 (
44 )
31 )
7 )
23 )
39 (
1 )
34 (
36 (
49 )
18 (
2 )
0 (
57 (
10 )
51 (
23 (
4 (
7 (
49 )
31 )
66 (
67 )
31 )
68 (
62 (
69 (
15 (
6 )
22 (
17 )
76 (
6 (
9 )
47 )
69 (
71 )
35 )
5 )
12 )
62 )
76 )
60 )
23 )
53 (
9 )
6 (
45 (
37 (
49 )
17 )
69 )
28 (
94 )
43 )
10 (
20 (
10 (
53 (
72 (
93 )
46 )
82 (
78 (
14 (
70 (
58 (
50 (
39 (
3 )
56 (
29 (
80 (
111 (
16 )
7 (
75 )
17 (
26 (
90 (
46 )
111 )
112 (
70 (
128 (
102 (
123 )
76 )
37 )
133 )
127 (
62 (
94 )
30 )
42 (
27 )
37 )
36 (
29 (
59 )
95 (
19 (
61 (
31 (
4 )
115 (
63 (
69 (
23 )
97 )
117 (
133 )
21 )
125 )
113 (
155 (
72 )
94 (
163 )
124 )
153 (
121 )
167 (
58 )
62 (
106 (
22 )
136 (
79 )
162 (
142 )
96 )
27 (
143 (
43 )
57 (
36 (
167 )
151 (
29 )
107 (
166 )
59 (
38 (
88 (
91 )
152 (
32 (
179 (
110 (
109 (
60 )
67 (
45 (
102 (
40 (
64 (
183 (
188 (
11 )
106 )
80 )
61 (
191 )
155 (
80 (
5 )
62 (
57 )
75 )
130 )
217 (
69 (
202 )
190 (
11 )
21 )
41 (
210 (
101 (
222 (
163 (
191 )
100 )
13 )
114 (
24 )
101 )
63 )
28 (
105 (
67 (
25 )
94 )
66 )
137 (
191 )
73 (
99 )
66 (
48 )
184 (
113 )
122 (
244 (
39 )
171 (
27 (
3 (
167 )
180 (
227 (
152 )
40 (
114 (
79 (
184 )
246 )
229 (
37 )
114 (
121 )
215 (
23 (
69 )
205 (
206 (
14 (
55 )
142 (
41 )
93 )
235 )
12 )
112 )
252 )
181 (
129 (
74 )
189 (
90 (
246 (
155 )
169 )
167 )
90 )
50 )
200 (
144 )
139 (
240 )
280 )
36 (
294 )
49 (
113 )
181 (
124 )
277 (
86 )
24 (
295 )
30 (
22 )
176 )
73 (
307 )
88 )
176 )
310 )
189 (
79 (
82 (
309 )
122 (
61 (
76 )
151 )
181 )
19 )
29 (
160 (
24 (
120 )
63 (
16 (
262 (
303 )
24 )
139 )
302 (
59 (
58 )
53 (
170 (
115 )
327 (
7 (
294 (
345 )
128 (
336 (
105 (
230 (
237 (
196 )
40 )
265 )
308 )
341 )
178 )
305 )
181 (
253 )
105 (
23 )
312 )
38 )
233 (
347 (
40 (
106 )
197 (
207 )
340 )
315 )
260 )
221 (
38 )
300 )
89 )
102 (
249 )
378 )
367 )
150 (
77 (
324 )
337 (
186 )
92 (
331 (
77 )
66 (
246 )
43 )
338 (
97 )
184 (
256 )
348 )
264 (
287 (
122 (
146 )
190 )
326 )
5 )
297 )
149 )
60 (
394 )
255 (
42 (
56 (
0 )
65 )
301 )
14 )
52 )
255 (
263 (
399 )
141 )
401 )
132 (
234 (
25 )
252 (
381 (
137 (
2 (
413 (
227 )
158 )
106 )
294 )
269 )
313 )
164 (
349 (
27 )
58 )
232 (
280 )
330 )
425 (
366 (
442 )
330 (
177 (
372 )
430 (
388 (
373 (
256 )
91 (
280 (
384 (
383 (
294 (
181 )
339 )
77 (
52 )
390 (
67 )
394 )
302 (
24 )
256 )
170 (
243 (
131 )
393 )
78 (
378 (
153 (
426 )
289 (
288 )
296 )
381 )
228 )
384 (
315 (
60 )
3 )
471 )
29 (
428 )
349 (
415 )
149 (
375 (
72 (
488 (
14 )
7 (
474 (
249 (
26 )
212 )
321 (
210 (
62 (
324 (
348 )
427 (
167 (
331 )
192 )
433 (
415 )
439 (
485 (
199 (
393 )
271 )
506 (
254 (
289 )
153 (
508 )
297 (
358 (
21 )
419 )
345 (
320 )
51 (
379 )
460 )
512 (
171 (
380 )
96 (
244 (
77 (
227 (
429 (
112 )
525 (
495 )
52 )
385 (
114 (
245 )
256 )
359 )
103 )
293 (
62 )
444 )
456 )
99 (
116 )
243 (
422 (
110 )
346 (
538 )
38 )
332 (
153 )
82 (
169 )
140 (
39 )
179 )
272 )
138 )
319 )
175 )
148 (
451 (
363 (
183 (
556 )
214 )
123 )
413 (
86 )
201 )
205 )
412 (
74 (
58 (
514 )
460 (
446 (
406 (
527 (
550 )
197 (
77 )
192 )
96 )
592 (
99 )
436 )
435 (
545 )
473 (
123 )
91 )
231 )
259 )
127 )
486 (
478 )
392 (
457 )
110 (
31 )
40 (
302 )
275 )
277 (
89 )
106 (
574 (
20 (
38 )
112 )
84 )
590 )
366 )
162 )
610 )
521 (
107 (
344 (
256 (
185 (
601 (
129 (
576 (
97 (
175 (
152 )
430 )
475 (
553 (
37 (
318 )
613 (
132 (
45 )
399 )
323 (
273 )
551 (
390 (
183 (
618 )
109 )
143 )
190 (
80 )
504 )
105 (
635 )
504 )
648 (
186 )
401 )
304 (
438 )
370 (
436 )
211 (
127 (
477 )
355 (
507 (
563 )
541 )
175 )
293 )
368 )
667 )
348 (
512 )
176 (
202 )
165 (
102 )
525 (
154 (
556 (
114 )
73 (
648 (
191 )
228 )
601 )
420 )
615 (
672 (
169 (
100 )
35 )
179 )
627 )
300 (
284 )
253 (
21 )
282 )
207 (
149 )
376 (
541 )
193 (
424 (
76 )
66 (
154 )
151 (
356 )
33 )
310 (
628 )
163 )
263 (
542 (
129 )
98 )
267 )
329 (
9 )
301 (
246 (
322 )
672 )
731 )
130 )
3 (
527 )
518 )
18 )
719 )
698 )
676 )
97 )
225 )
665 (
359 )
476 )
683 (
428 )
288 )
739 )
641 (
406 (
565 (
247 )
95 (
498 )
501 )
423 (
616 )
121 (
367 )
83 (
218 )
305 (
610 )
753 )
586 (
274 (
576 (
675 )
580 )
655 )
412 (
646 )
476 (
521 )
558 (
493 )
304 )
521 )
299 (
421 (
69 )
329 )
60 (
179 )
273 )
307 (
185 )
736 (
576 )
202 )
231 )
60 )
92 )
742 (
79 (
311 (
549 )
4 )
603 (
667 (
342 )
308 (
785 )
369 (
725 )
26 (
387 )
458 )
645 )
294 (
649 (
343 (
62 )
156 (
427 )
725 (
766 (
608 (
443 (
775 )
386 (
99 (
627 (
451 )
46 (
48 )
583 )
321 (
410 )
199 (
444 )
389 )
294 )
642 )
404 )
602 )
814 (
243 (
417 )
289 )
317 (
548 (
658 )
563 (
686 (
175 (
580 )
283 )
584 )
410 )
207 (
572 (
80 (
460 )
713 (
696 )
645 (
642 (
715 )
184 (
157 )
603 )
499 (
648 (
725 )
592 (
279 (
520 (
420 (
445 )
407 (
683 )
647 (
601 (
91 )
567 (
775 )
626 )
7 (
168 (
40 )
572 (
34 )
556 )
878 )
165 )
112 )
76 (
142 )
160 )
98 (
688 )
18 )
254 )
847 (
879 (
249 (
530 )
62 )
53 (
85 (
726 )
65 (
752 )
692 (
36 )
539 (
420 )
39 )
598 )
533 (
806 (
600 (
170 (
352 (
302 )
623 (
847 )
282 (
764 (
710 )
914 )
246 (
537 (
694 (
434 )
837 )
717 )
236 )
392 )
279 )
71 )
115 (
640 )
185 (
668 (
806 )
50 )
677 )
755 )
592 )
378 )
415 )
21 (
695 (
88 (
366 (
590 )
580 )
553 )
935 )
334 )
175 (
268 )
265 (
216 (
487 )
758 (
830 )
811 )
299 (
99 )
777 (
219 )
172 (
946 )
372 )
261 )
434 )
341 )
278 (
772 )
856 (
830 (
74 (
347 (
386 )
711 (
384 (
712 )
550 )
147 (
863 )
830 (
589 (
299 )
184 (
648 (
138 (
170 (
601 )
944 )
261 )
829 )
F 129 643
F 755 282
F 49 485
F 744 184
Q 119 447
F 448 877
F 223 941
F 79 385
Q 47 27
Q 564 154
Q 271 466
F 868 204
F 119 315
Q 872 881
Q 867 803
Q 990 144
F 770 387
Q 131 845
F 556 654
Q 336 918
F 869 149
F 855 240
Q 567 273
F 179 522
Q 419 204
Q 243 154
Q 587 626
Q 955 640
Q 991 113
F 646 589
F 95 751
Q 739 857
Q 50 74
Q 97 497
Q 702 487
Q 704 978
F 351 191
F 954 774
Q 878 666
Q 537 637
F 493 681
Q 329 336
Q 321 233
Q 470 586
Q 44 700
F 686 77
F 948 557
F 693 590
F 807 22
F 315 170
Q 895 401
Q 807 568
Q 236 78
Q 396 334
F 667 809
F 58 59
F 403 610
F 439 809
Q 139 878
Q 431 994
Q 68 386
F 982 154
Q 618 170
F 849 920
Q 449 954
Q 690 932
Q 889 757
Q 918 25
Q 253 699
F 253 617
F 183 134
Q 388 773
Q 65 143
Q 984 817
Q 900 616
F 952 823
Q 412 497
Q 455 826
Q 960 812
Q 749 307
Q 153 95
Q 202 207
Q 712 389
F 559 730
Q 282 271
F 81 192
Q 881 974
Q 862 750
F 862 967
Q 244 920
F 227 374
Q 203 84
F 171 685
F 143 465
Q 187 754
F 531 222
F 750 675
Q 426 785
F 894 586
Q 82 516
Q 387 597
Q 37 890
F 193 241
Q 760 395
Q 188 762
Q 269 565
F 684 697
F 586 423
F 420 122
F 11 479
F 284 223
Q 327 33
Q 123 569
F 204 664
F 877 558
Q 192 871
Q 414 122
F 838 176
F 210 321
Q 725 58
F 105 397
F 717 712
Q 27 801
F 208 418
Q 98 985
F 515 395
F 368 941
Q 611 407
F 1 228
Q 803 158
Q 569 272
Q 652 162
Q 703 204
F 8 414
Q 249 505
F 544 887
Q 777 299
F 218 386
Q 610 180
Q 98 64
Q 706 265
Q 641 376
F 161 82
Q 453 379
F 375 537
Q 176 543
Q 603 59
F 685 823
Q 330 888
F 587 307
F 319 589
F 868 101
F 287 730
F 205 925
F 672 552
F 943 856
F 571 183
Q 197 727
F 415 923
F 807 958
Q 331 531
Q 486 717
F 507 890
Q 547 650
Q 896 496
Q 784 46
Q 598 939
F 204 566
Q 325 891
Q 293 172
Q 124 841
Q 974 644
F 884 780
Q 579 351
F 228 580
Q 919 724
F 829 742
F 504 459
Q 685 133
F 148 600
Q 33 396
F 157 729
F 30 958
F 508 610
F 771 941
F 707 382
Q 890 963
Q 453 662
Q 923 557
F 432 452
F 62 616
F 535 671
Q 367 977
F 677 720
F 655 185
F 569 190
F 824 405
F 941 369
Q 722 225
Q 602 475
F 410 814
F 447 349
F 443 563
Q 587 691
Q 473 733
Q 476 607
F 117 179
F 885 409
Q 267 755
F 35 278
F 857 131
Q 8 69
Q 462 314
Q 563 21
F 308 162
F 96 458
F 794 13
F 449 944
Q 841 193
Q 125 466
Q 679 750
Q 765 605
F 505 702
Q 295 258
F 886 122
Q 263 595
Q 90 796
F 568 64
F 414 1
F 720 826
Q 826 174
F 397 715
F 445 957
Q 385 94
F 736 882
F 439 16
Q 790 227
Q 632 182
F 874 776
F 420 714
Q 819 180
F 722 314
F 255 519
Q 156 794
F 265 790
Q 332 424
F 276 939
F 939 187
Q 338 247
Q 757 100
Q 31 884
F 315 892
F 424 717
F 995 644
F 980 165
Q 516 567
F 637 520
F 400 617
Q 874 433
F 436 62
Q 834 772
F 648 979
F 123 416
F 675 165
Q 260 487
Q 642 276
F 159 25
F 143 883
Q 907 939
Q 942 349
Q 978 187
Q 753 926
Q 859 499
F 877 491
F 31 360
Q 39 117
Q 508 925
F 980 644
Q 681 542
Q 451 905
F 225 325
F 792 457
Q 684 343
F 376 437
Q 474 784
F 396 203
Q 330 312
Q 333 189
F 191 76
Q 686 995
Q 902 552
Q 479 350
F 647 633
F 715 637
F 499 332
Q 829 793
F 530 775
Q 696 316
F 466 635
Q 877 173
Q 41 929
F 454 725
F 528 968
F 183 90
Q 759 423
Q 706 159
Q 878 166
F 322 140
F 340 661
F 755 542
F 568 941
Q 491 727
F 464 898
Q 334 512
F 869 100
F 495 305
Q 898 6
Q 505 521
F 752 141
Q 606 228
Q 77 271
Q 497 860
F 278 491
Q 402 426
F 373 964
F 609 64
Q 778 672
Q 44 26
F 25 507
Q 402 677
Q 3 125
F 211 834
F 895 67
Q 9 538
Q 211 181
F 179 895
F 979 531
Q 22 535
Q 199 712
Q 292 939
F 157 324
Q 390 96
Q 765 17
F 469 335
Q 556 569
F 239 809
F 80 948
F 398 704
Q 180 163
Q 660 186
Q 645 199
F 260 856
Q 151 686
F 428 171
Q 673 744
F 269 908
Q 564 941
Q 539 444
Q 523 95
Q 436 338
Q 720 217
F 939 821
F 543 706
F 653 338
F 343 482
F 284 585
F 799 897
Q 237 6
F 762 252
F 429 184
F 645 492
F 834 465
F 252 553
Q 741 837
F 20 25
F 628 307
Q 288 944
F 214 222
Q 0 489
Q 109 72
F 945 585
F 842 346
Q 270 549
Q 578 358
F 313 33
Q 127 856
F 947 301
F 273 840
Q 462 745
F 571 916
F 502 764
F 249 859
Q 431 835
F 629 868
Q 970 712
Q 78 827
Q 515 25
F 338 333
F 605 446
Q 31 357
Q 428 214
Q 643 767
Q 81 731
Q 744 589
F 955 450
Q 311 682
F 874 657
Q 146 638
Q 793 321
Q 902 198
F 881 593
F 414 559
Q 146 461
F 54 964
Q 907 943
F 503 211
Q 953 8
Q 563 968
Q 630 278
Q 174 781
Q 66 502
Q 929 869
F 932 678
F 515 275
Q 877 681
Q 834 557
F 411 839
Q 902 491
F 740 888
Q 883 485
F 180 228
F 543 363
F 113 241
Q 575 392
Q 864 432
F 427 811
F 465 98
Q 502 943
F 181 206
Q 216 729
Q 914 27
Q 563 281
F 29 586
Q 174 402
Q 589 208
Q 23 379
Q 788 821
Q 32 851
Q 796 89
Q 62 301
F 708 126
Q 868 829
F 437 576
F 315 316
F 473 922
Q 456 957
F 173 522
F 918 37
F 287 975
F 936 317
F 848 137
Q 292 634
F 632 708
F 993 668
F 250 692
Q 543 862
F 414 365
F 220 401
F 241 636
F 862 300
F 278 201
Q 435 450
F 367 53
F 715 196
F 628 284
F 557 416
F 10 513
F 652 265
Q 164 112
Q 318 772
F 561 463
F 5 535
F 182 457
F 529 901
F 364 972
F 542 149
F 39 488
F 624 941
Q 989 214
F 25 35
Q 653 469
F 249 505
F 805 381
Q 3 964
F 326 742
Q 199 927
F 831 109
Q 219 214
F 394 556
F 394 810
Q 544 94
F 68 394
Q 187 847
Q 36 29
Q 610 570
F 575 773
Q 406 820
Q 424 73
F 971 453
Q 625 273
Q 771 208
F 677 652
F 480 463
Q 331 556
F 579 889
Q 427 428
Q 150 589
F 158 570
Q 188 113
F 491 799
Q 675 69
Q 297 223
Q 471 720
Q 354 847
F 98 339
F 27 648
Q 461 568
F 937 825
F 735 814
Q 565 464
F 262 830
F 98 897
F 904 491
Q 418 757
Q 321 497
F 69 210
F 668 919
Q 257 183
F 354 407
Q 384 363
F 294 280
Q 121 205
F 236 418
F 344 873
F 289 29
Q 222 494
F 868 860
Q 535 346
F 509 288
F 803 869
F 929 153
Q 979 452
Q 647 184
Q 812 819
F 88 507
Q 527 396
F 185 954
Q 209 157
Q 752 85
Q 613 100
F 394 666
Q 660 143
Q 524 664
Q 919 190
Q 921 632
Q 607 477
F 32 617
F 712 607
Q 256 625
F 494 789
F 506 722
Q 719 187
F 809 266
Q 517 682
Q 33 603
Q 366 112
Q 894 557
F 504 369
Q 184 827
F 976 697
F 535 334
F 437 295
Q 14 872
Q 446 326
F 774 388
Q 142 666
F 710 677
Q 322 847
F 553 618
Q 257 828
F 545 448
F 84 618
F 778 323
F 868 216
Q 759 947
Q 322 72
Q 110 128
F 128 784
Q 171 721
Q 402 451
Q 564 656
F 24 370
F 805 943
F 972 155
F 767 356
Q 418 854
Q 160 124
Q 747 424
Q 178 385
F 921 584
F 742 291
Q 223 890
Q 538 867
Q 400 402
F 696 194
F 203 987
F 73 655
F 233 220
Q 929 791
Q 883 950
Q 823 44
F 314 428
Q 780 552
F 64 287
Q 982 94
Q 653 262
F 252 91
Q 725 944
Q 569 768
F 904 451
Q 117 789
Q 518 142
F 104 90
Q 623 51
F 332 516
Q 667 181
Q 66 255
F 379 328
Q 802 753
F 753 446
F 630 741
F 218 991
Q 192 974
F 294 941
F 616 539
Q 713 155
F 460 2
F 389 116
Q 108 72
Q 32 39
F 569 61
F 168 215
Q 827 935
Q 814 543
F 855 863
Q 827 79
Q 838 656
F 518 230
F 4 325
F 632 22
Q 749 262
Q 710 567
F 682 154
Q 289 601
F 469 921
F 867 598
Q 746 432
F 66 536
Q 865 648
F 406 79
Q 364 295
F 839 545
Q 759 401
F 345 300
F 413 421
Q 466 401
F 357 168
Q 120 178
Q 478 990
Q 346 994
F 594 441
Q 295 980
F 456 235
Q 824 759
F 854 584
Q 128 193
F 32 590
F 106 453
Q 639 620
F 172 529
F 863 316
F 626 8
F 678 705
Q 269 981
F 340 583
F 494 7
Q 909 485
F 259 114
Q 263 895
Q 710 416
Q 416 239
Q 184 165
Q 483 208
Q 337 592
Q 948 146
Q 702 85
Q 277 836
F 694 311
Q 349 70
F 552 271
F 466 872
Q 259 437
Q 527 732
F 860 211
Q 375 613
Q 29 540
F 327 296
Q 798 678
Q 555 977
F 78 194
F 260 866
Q 591 486
F 315 564
Q 248 99
Q 856 14
F 568 314
F 236 816
Q 865 413
Q 219 421
F 914 168
F 961 647
Q 765 464
F 773 837
Q 757 389
F 239 148
F 432 560
F 260 868
F 868 106
F 363 721
F 74 833
Q 129 621
Q 347 218
Q 870 830
Q 857 782
F 917 843
F 985 500
Q 229 353
F 796 926
Q 220 199
Q 461 223
Q 269 66
F 933 849
Q 145 783
F 565 151
Q 994 151
Q 303 442
F 594 163
Q 647 322
F 144 11
F 217 964
F 349 802
F 392 117
Q 124 146
F 19 356
F 70 112
Q 818 364
Q 972 776
Q 591 818
F 472 505
Q 224 63
F 101 560
F 779 785
F 917 656
F 208 473
F 552 547
F 875 834
Q 277 712
Q 196 815
F 451 236
F 392 386
Q 990 59
Q 947 596
Q 830 484
Q 34 419
F 341 979
Q 80 792
F 558 938
Q 236 551
Q 174 331
F 95 651
Q 19 113
F 747 619
F 831 713
F 858 202
Q 928 961
F 82 513
Q 850 2
F 636 826
F 200 339
Q 856 280
Q 278 596
Q 322 750
F 647 695
F 288 201
F 53 477
F 224 129
F 912 397
F 488 872
Q 566 119
Q 842 621
F 266 49
F 836 733
Q 32 68
Q 502 20
Q 865 54
Q 565 84
Q 909 729
Q 456 475
Q 877 29
Q 622 36
Q 510 203
F 296 665
F 365 198
Q 148 616
Q 472 931
Q 624 423
F 71 825
Q 31 931
F 510 421
F 709 756
Q 206 553
Q 946 579
Q 473 756
F 503 199
F 240 554
F 561 433
Q 926 92
Q 746 817
F 219 959
Q 56 789
Q 696 280
F 20 454
Q 456 285
Q 137 853
Q 946 770
F 551 603
F 470 751
Q 272 697
Q 170 500
Q 166 853
F 498 803
Q 1 950
F 972 279
F 333 483
Q 560 225
Q 20 682
F 35 52
F 520 949
F 762 446
Q 832 86
F 95 754
Q 731 718
Q 71 135
Q 234 926
F 990 419
F 429 437
F 611 778
Q 668 799
F 412 72
Q 71 735
F 441 459
F 628 195
Q 837 489
Q 81 422
F 439 592
Q 199 434
F 514 621
Q 811 303
F 603 551
Q 113 395
F 99 838
Q 741 988
Q 46 423
F 939 712
Q 427 600
F 465 512
F 522 455
F 218 283
F 559 571
Q 368 720
F 151 897
F 874 240
Q 428 360
F 258 785
Q 878 180
Q 960 797
Q 861 216
Q 519 735
Q 519 64
F 136 178
Q 814 422
F 79 339
Q 667 502
F 94 773
F 112 976
F 168 27
Q 76 394
F 90 890
F 741 64
Q 405 371
Q 338 93
Q 22 949
F 234 443
Q 492 484
Q 905 698
Q 235 980
Q 951 781
F 614 608
F 721 821
F 79 830
Q 94 560
F 284 958
Q 192 256
Q 659 398
Q 806 604
F 376 546
Q 764 321
F 53 911
F 860 600
Q 18 116
F 147 182
Q 468 46
F 740 38
F 124 464
Q 353 344
Q 253 147
F 460 646
F 379 374
Q 739 62
F 288 166
Q 929 794
F 521 419
Q 18 160
F 71 716
Q 236 953
F 849 82
Q 599 300
F 34 927
Q 452 510
Q 341 451
F 268 966
Q 779 106
Q 584 46
F 787 37
Q 386 26
F 492 489
Q 928 498
F 785 813
Q 318 605
F 72 95
Q 990 821
F 867 909
Q 690 421
F 234 401
F 340 943
Q 239 472
F 772 805
Q 245 347
Q 173 398
Q 479 926
F 229 827
Q 370 651
Q 720 940
F 852 638
F 839 336
Q 174 449
Q 434 337
Q 297 712
F 497 641
F 636 14
F 668 224
F 606 141
F 848 321
F 825 265
Q 364 554
F 594 36
F 166 539
F 700 516
F 155 845
Q 740 226
F 713 675
F 214 236
Q 518 790
Q 272 136
