992 993
0 (
1 (
2 )
3 )
4 (
5 )
6 )
7 )
0 )
9 (
10 (
11 )
12 )
13 )
14 (
15 )
16 (
17 )
18 )
19 (
20 (
0 (
22 )
23 )
24 (
25 )
26 (
27 (
28 (
29 (
30 (
31 )
32 )
33 (
34 (
35 (
36 )
37 (
38 (
39 )
40 )
41 (
42 )
43 (
44 )
45 (
46 )
47 (
48 (
49 )
50 )
51 (
52 (
53 )
54 (
55 )
56 )
57 (
58 (
59 )
60 (
61 )
62 )
63 (
64 (
65 (
66 )
67 (
68 (
69 (
70 (
71 )
72 (
73 )
74 )
75 )
76 (
77 )
78 (
79 )
80 )
81 )
82 )
83 )
84 (
85 (
86 (
87 (
88 (
89 (
90 (
91 )
92 )
93 )
94 (
95 (
96 )
97 (
98 (
99 )
100 )
101 )
102 )
103 (
104 (
105 )
106 (
107 )
108 )
109 )
110 (
111 )
112 (
113 )
114 )
115 (
116 (
117 (
118 )
119 )
120 (
121 (
122 )
123 )
124 )
125 (
126 (
127 (
128 (
129 (
130 )
131 )
132 )
133 )
134 )
135 )
136 )
137 (
138 (
139 )
140 (
141 (
142 )
143 )
144 (
145 )
146 (
147 )
148 )
149 (
150 (
151 (
152 (
153 )
154 (
155 )
156 (
157 (
158 (
159 (
160 (
161 (
162 )
163 )
164 )
165 )
166 (
167 (
168 (
169 (
170 (
171 )
172 )
173 (
174 )
175 )
176 )
177 (
178 (
179 (
180 (
181 (
182 (
183 )
184 (
185 (
186 )
187 )
188 (
189 )
190 (
191 (
192 )
193 )
194 (
195 (
196 )
197 )
198 (
199 )
200 )
201 )
202 )
203 (
204 )
205 )
206 )
207 (
208 (
209 )
210 )
211 )
212 )
213 (
214 )
215 (
216 (
217 )
218 )
219 (
220 )
221 )
222 (
223 )
224 )
225 (
226 (
227 (
228 )
229 (
230 )
231 )
232 )
233 (
234 )
235 (
236 )
237 )
238 (
239 (
240 )
241 (
242 (
243 )
244 (
245 )
246 )
247 (
0 )
249 (
250 (
251 (
252 (
253 (
254 (
255 )
256 (
257 )
258 )
259 )
260 (
261 (
262 (
263 )
264 )
265 )
266 (
267 )
268 )
269 (
270 (
271 )
272 (
273 )
274 (
275 )
276 (
277 (
278 (
279 (
280 (
281 )
282 (
283 )
284 )
285 )
0 )
287 (
288 (
289 )
290 )
291 (
292 (
293 )
294 )
295 )
296 )
297 )
298 )
299 )
300 )
301 )
302 )
303 )
304 (
305 )
306 )
307 )
308 (
309 )
310 (
311 )
312 )
313 )
314 )
315 )
316 )
317 (
318 (
319 (
320 )
321 (
322 (
323 (
324 )
325 )
326 )
327 )
328 )
329 )
330 )
331 (
332 (
333 )
334 (
335 (
336 (
337 (
338 )
339 (
340 (
341 (
342 )
343 )
344 )
345 )
346 )
347 (
348 (
349 )
350 )
351 )
352 (
353 (
354 )
355 )
356 )
357 (
358 )
359 (
360 (
361 )
362 (
363 (
364 (
365 (
366 (
367 (
368 (
369 )
370 )
371 )
372 )
373 (
374 (
375 (
376 (
377 )
378 (
379 (
380 (
381 )
382 )
383 )
384 )
385 )
386 (
387 )
388 (
389 (
390 )
391 )
392 )
393 )
394 (
395 (
396 (
397 (
398 )
399 (
400 (
401 )
402 (
403 (
404 )
405 (
406 )
407 )
408 (
409 )
410 )
411 (
412 (
413 )
414 )
415 )
416 )
417 )
418 (
419 )
420 (
421 (
422 )
423 (
424 (
425 (
0 (
427 (
428 )
429 (
430 )
431 (
432 )
433 (
434 (
435 )
436 (
437 (
438 (
439 (
440 )
441 (
442 (
443 (
444 )
445 )
446 )
447 (
448 (
449 (
450 (
451 (
452 (
453 (
454 (
455 )
456 )
457 (
458 (
459 (
460 )
461 (
462 )
463 (
464 (
465 (
466 )
467 (
468 )
469 )
470 (
471 (
472 )
473 )
474 )
475 )
476 (
477 (
478 )
479 (
480 (
481 )
482 (
483 (
484 (
485 )
486 )
487 )
488 )
489 )
490 )
491 )
492 (
493 )
494 (
495 )
496 )
497 )
498 (
499 (
500 )
501 )
502 (
503 (
504 (
505 (
506 )
507 (
508 )
509 (
510 )
511 )
512 )
513 (
514 (
515 )
516 )
517 (
518 (
519 )
520 (
521 )
522 (
523 (
524 (
525 (
526 )
527 (
528 (
529 )
530 (
531 (
532 (
533 (
534 (
535 (
536 )
537 )
538 )
539 )
540 (
541 )
542 (
543 (
544 )
545 (
546 (
547 (
548 (
549 )
550 )
551 )
552 (
553 (
554 )
555 )
556 )
557 )
558 )
559 )
560 (
561 (
562 )
563 (
564 (
565 )
566 (
567 (
568 (
569 )
570 )
571 (
572 )
573 )
574 )
575 (
576 (
577 )
578 )
579 (
580 )
581 (
582 (
583 (
584 )
585 (
586 (
587 )
588 )
589 (
590 )
591 )
592 (
593 (
594 )
595 )
596 )
597 )
598 )
599 (
600 )
601 )
602 (
603 (
604 )
605 (
606 (
607 )
608 )
609 )
610 (
611 )
612 (
613 )
614 (
615 (
616 )
617 (
618 (
619 (
620 (
621 (
622 (
623 )
624 (
625 (
626 (
627 (
628 )
629 (
630 (
631 )
632 )
633 )
634 (
635 (
636 )
637 (
638 (
639 )
640 (
641 (
642 )
643 )
644 (
645 )
646 (
647 )
648 (
649 (
650 (
651 (
652 )
653 (
654 (
655 )
656 (
657 )
658 (
659 )
660 (
661 (
662 )
663 (
664 )
665 (
666 )
667 (
668 )
669 (
670 (
671 )
672 (
673 (
674 )
675 )
0 )
677 )
678 )
679 (
680 )
681 )
682 (
683 (
684 )
685 (
686 )
687 )
688 )
689 )
690 )
691 (
692 )
693 (
694 )
695 )
696 )
697 (
698 )
699 (
700 (
701 (
702 (
703 )
704 )
705 )
706 )
707 (
708 )
709 )
710 )
711 (
712 )
713 (
714 (
715 )
716 (
717 (
718 (
719 )
720 (
721 (
722 )
723 )
724 (
725 )
726 (
727 )
728 (
729 )
730 (
731 )
732 (
733 (
734 (
735 (
736 )
737 (
738 )
739 (
740 (
741 (
742 (
743 )
744 (
745 )
746 )
747 )
748 (
749 )
750 (
751 (
752 )
753 )
754 )
755 )
756 )
757 )
758 (
759 )
760 (
761 (
762 (
763 )
764 )
765 )
766 (
767 )
768 (
769 )
770 )
771 )
772 (
773 )
774 )
775 )
776 (
777 (
778 )
779 (
780 (
781 )
782 )
783 )
784 (
785 )
786 (
787 )
788 )
789 (
790 (
791 )
792 )
793 (
794 (
795 (
796 )
797 (
798 )
799 (
800 (
801 )
802 (
803 (
804 )
805 (
806 (
807 )
808 (
809 (
810 )
811 (
812 )
813 )
814 )
815 (
816 (
817 (
818 (
819 )
820 )
821 )
822 )
823 )
824 (
825 (
826 (
827 (
828 (
829 )
830 (
831 )
832 )
833 (
834 (
835 (
836 (
837 )
838 (
839 (
840 (
841 )
842 (
843 )
844 )
845 (
846 )
847 (
848 (
849 (
850 (
851 (
852 )
853 )
854 (
855 (
856 (
857 )
858 (
859 )
860 (
861 )
862 )
863 )
864 (
865 (
866 )
867 )
868 )
869 )
870 (
871 )
872 )
873 (
874 )
875 )
876 (
877 )
878 (
879 )
880 (
881 (
882 (
883 )
884 )
885 (
886 (
887 (
888 (
889 (
890 )
891 )
892 (
893 (
894 )
895 )
896 )
897 (
898 )
899 (
900 )
901 (
902 (
903 )
904 (
905 (
906 )
907 )
908 )
909 )
910 (
911 )
912 (
913 )
914 (
915 (
916 (
917 (
918 (
919 )
920 (
921 (
922 (
923 )
924 (
925 (
926 )
927 )
928 )
929 )
930 (
931 )
932 )
933 (
934 (
935 )
936 )
937 (
938 )
939 )
940 )
941 )
942 )
943 (
944 )
945 )
946 )
947 )
948 )
949 (
950 )
951 )
952 (
953 )
954 )
955 (
956 )
957 (
958 )
959 )
960 )
961 (
962 (
963 (
964 )
965 )
966 )
967 (
968 (
969 )
970 (
971 )
972 (
973 (
974 (
975 (
976 (
977 (
978 (
979 (
980 (
981 )
982 )
983 (
984 (
985 (
986 )
987 (
988 )
989 )
990 )
F 769 949
F 608 861
Q 553 738
F 970 620
F 110 300
F 13 429
Q 511 606
Q 915 389
F 351 621
F 987 148
F 399 839
Q 604 866
F 411 638
Q 120 360
F 741 405
F 835 379
F 624 715
F 116 959
F 655 806
F 172 938
F 110 835
F 422 119
Q 383 92
F 159 942
F 264 921
F 262 176
F 587 411
F 902 936
F 151 485
Q 306 303
F 687 397
Q 530 735
Q 792 643
F 620 699
F 807 832
F 885 702
F 843 657
Q 56 98
F 984 165
Q 231 722
Q 916 212
Q 481 51
Q 582 401
Q 355 47
Q 573 498
Q 691 291
Q 317 541
F 329 394
F 432 470
F 256 458
F 651 872
F 252 702
Q 639 753
F 637 740
Q 610 210
F 515 41
F 445 405
Q 803 755
Q 600 576
F 683 718
Q 676 794
F 241 378
F 809 189
Q 385 52
Q 80 156
Q 391 354
Q 882 181
F 314 579
Q 544 953
Q 266 279
Q 117 698
Q 333 172
F 762 469
F 901 73
Q 313 801
F 85 351
F 230 88
F 356 654
Q 649 548
F 561 788
Q 976 172
F 249 860
Q 403 800
Q 614 101
F 584 706
F 570 338
F 361 630
F 634 497
F 739 460
F 702 526
F 130 555
Q 217 313
Q 346 706
Q 485 309
Q 183 970
Q 178 484
F 8 671
Q 976 529
Q 136 0
Q 537 829
Q 558 259
Q 834 236
Q 342 61
Q 740 593
Q 144 913
Q 711 568
Q 969 120
F 144 20
F 856 880
Q 396 521
F 810 809
F 508 763
F 144 140
F 65 247
F 8 78
F 874 577
Q 810 372
F 829 191
F 885 72
Q 803 901
F 58 444
Q 792 289
Q 391 509
F 114 168
F 120 219
F 80 257
F 122 534
F 166 337
F 608 940
F 583 808
Q 747 961
F 594 107
F 340 559
F 97 674
F 284 367
F 559 515
Q 279 966
Q 360 0
F 597 980
Q 758 621
F 913 827
Q 778 533
Q 63 748
Q 521 286
Q 688 54
Q 56 923
Q 745 242
Q 873 273
F 4 426
F 838 909
Q 741 873
Q 191 677
Q 320 967
Q 176 140
Q 41 309
Q 757 891
Q 574 423
F 369 93
F 241 417
F 988 570
Q 473 3
F 940 199
Q 474 152
Q 710 461
F 818 509
F 198 568
F 710 526
Q 43 450
Q 429 758
F 679 735
F 157 951
Q 6 874
F 436 887
F 222 593
Q 712 429
F 184 894
F 17 299
Q 764 134
F 182 461
F 962 22
F 790 577
Q 982 731
F 377 280
F 140 401
F 599 12
Q 614 816
F 167 595
F 354 499
F 876 773
F 713 137
Q 444 425
Q 20 608
Q 369 389
Q 0 271
Q 949 774
Q 724 4
Q 520 397
Q 688 526
F 212 668
F 666 76
Q 756 641
F 196 791
Q 865 161
F 417 236
F 158 966
F 617 925
F 421 525
Q 905 857
F 306 10
F 975 474
Q 495 381
F 405 303
F 64 90
F 620 745
Q 945 309
Q 396 170
Q 542 684
Q 922 716
F 674 792
F 346 110
F 322 309
F 342 965
Q 507 144
F 398 258
F 138 433
F 642 351
F 348 714
F 444 206
F 23 544
F 642 356
F 775 889
Q 59 899
Q 43 453
F 480 199
F 481 16
F 710 370
Q 657 424
F 841 250
Q 215 874
F 124 689
F 211 595
Q 272 246
Q 532 837
Q 738 219
F 131 758
Q 744 24
F 462 608
Q 926 495
Q 21 677
Q 909 416
Q 696 130
F 412 974
Q 673 247
F 698 786
Q 655 405
F 491 512
Q 772 295
F 690 215
F 880 676
F 766 461
Q 477 277
F 217 987
Q 445 419
F 430 422
F 883 4
Q 57 495
F 478 262
F 341 508
F 331 763
Q 960 454
F 924 70
F 850 229
F 436 966
Q 735 826
Q 806 130
F 41 637
F 94 180
Q 715 422
F 398 634
F 930 224
F 988 57
Q 958 876
Q 651 147
F 648 338
Q 456 684
Q 596 47
Q 759 728
Q 394 730
F 989 648
Q 400 87
F 848 53
Q 603 385
Q 413 972
Q 695 82
F 728 284
F 851 469
Q 650 765
Q 17 719
Q 631 98
F 878 618
Q 719 193
F 974 899
Q 886 833
Q 458 246
F 662 356
Q 349 231
Q 708 469
F 331 722
Q 433 437
Q 532 374
F 147 930
F 729 318
F 468 455
F 909 528
F 826 778
F 414 635
F 759 659
Q 196 124
F 787 889
Q 747 880
F 119 114
Q 605 480
Q 892 604
Q 850 264
Q 916 902
Q 123 41
Q 312 355
F 651 721
F 754 336
F 616 872
Q 396 100
Q 17 893
F 730 249
F 433 496
Q 837 121
Q 644 2
Q 248 972
F 40 251
Q 431 799
F 199 892
F 605 695
Q 867 389
F 733 248
F 450 519
Q 828 688
Q 506 909
Q 550 456
Q 479 776
F 207 524
F 779 537
F 131 857
F 846 483
F 657 487
Q 728 273
F 244 857
F 355 548
Q 387 706
Q 229 641
F 539 408
F 693 985
Q 778 94
Q 252 249
Q 478 173
F 63 756
F 974 35
F 491 142
Q 551 112
F 193 971
F 538 766
Q 450 600
F 933 511
Q 989 761
Q 928 604
Q 344 628
Q 746 60
Q 957 157
Q 404 434
F 870 418
F 77 491
F 970 953
Q 462 663
F 872 135
Q 424 375
F 20 114
F 171 903
Q 417 170
F 281 620
Q 878 180
Q 331 32
F 277 536
F 291 220
Q 721 525
Q 434 230
Q 239 226
Q 652 252
Q 87 847
F 361 832
Q 539 156
Q 158 389
F 671 240
Q 605 570
Q 971 990
Q 168 854
F 718 140
Q 348 675
Q 180 196
Q 508 79
Q 810 831
F 829 815
F 815 80
Q 561 757
Q 735 526
F 726 789
Q 667 869
Q 641 147
Q 988 189
F 774 560
F 280 587
F 682 885
F 52 760
F 907 640
F 876 784
F 399 589
F 799 13
Q 299 680
F 224 195
F 214 209
F 121 878
F 846 239
Q 481 154
Q 809 216
Q 832 977
F 991 577
F 961 203
F 663 386
F 473 338
F 784 333
F 789 724
F 722 240
F 233 750
Q 405 774
F 311 405
Q 273 709
Q 446 423
Q 935 453
Q 356 915
F 334 109
F 422 581
Q 801 804
Q 734 917
Q 935 309
Q 884 561
Q 932 642
Q 873 712
F 575 205
Q 544 26
Q 756 100
F 527 477
Q 284 556
Q 198 754
F 730 80
Q 893 744
F 904 650
F 4 815
F 674 82
Q 198 641
F 626 261
Q 958 845
F 125 216
Q 701 708
F 685 255
Q 603 200
F 510 152
F 574 275
Q 941 860
F 200 325
Q 607 839
Q 196 913
F 751 422
Q 18 584
Q 28 450
F 210 455
Q 48 235
Q 14 926
F 340 455
F 556 321
F 883 508
F 371 562
Q 365 250
F 188 239
F 190 109
Q 412 377
Q 559 771
Q 16 902
Q 860 954
Q 553 73
F 517 461
F 665 511
Q 410 510
Q 125 667
Q 289 454
F 812 661
Q 907 636
Q 927 47
F 24 899
F 354 649
Q 38 153
F 667 839
F 640 60
Q 474 0
F 389 861
F 225 168
F 823 746
Q 84 385
F 198 55
Q 387 447
Q 29 270
Q 501 25
Q 108 88
Q 696 951
F 598 907
Q 72 473
Q 445 373
Q 477 677
F 395 745
Q 953 597
F 387 776
Q 561 703
F 137 818
Q 986 357
Q 270 78
Q 631 31
Q 702 854
F 416 518
Q 878 904
F 502 802
Q 225 457
F 197 983
F 763 955
F 794 653
F 649 290
F 710 446
F 655 18
F 562 901
F 754 92
Q 196 3
Q 104 314
Q 145 404
Q 926 151
Q 741 114
Q 617 835
Q 16 617
F 464 470
Q 722 412
Q 856 899
Q 584 374
Q 977 416
F 504 756
Q 415 308
Q 315 881
Q 204 482
Q 362 244
Q 110 851
F 842 694
F 436 905
Q 251 279
Q 693 834
F 894 290
Q 443 937
Q 550 62
Q 76 325
Q 738 600
Q 730 315
Q 968 782
Q 813 134
F 645 669
Q 622 25
Q 867 814
F 822 850
F 186 157
F 23 675
Q 411 843
F 938 860
Q 281 870
F 858 475
F 442 214
Q 655 440
F 830 362
F 894 746
Q 302 579
Q 400 735
Q 807 832
Q 976 283
Q 199 874
F 634 815
F 920 162
Q 193 669
Q 636 424
Q 896 842
F 505 430
Q 421 772
F 38 605
F 633 500
Q 212 38
Q 84 838
F 385 557
F 895 23
F 826 178
Q 74 64
Q 112 289
F 689 961
Q 925 379
F 489 592
Q 535 229
F 720 355
Q 469 144
Q 372 539
Q 161 777
Q 195 370
Q 158 323
F 532 199
F 154 323
Q 884 520
Q 950 331
F 948 607
Q 659 585
F 434 673
Q 289 866
F 167 628
F 163 346
Q 432 512
Q 422 421
F 863 505
Q 195 244
Q 451 938
F 81 953
F 469 292
Q 80 956
Q 742 295
F 562 803
Q 295 881
Q 683 572
F 887 839
F 603 109
Q 83 32
Q 569 30
Q 505 665
F 931 454
F 286 565
Q 133 340
Q 914 371
F 520 704
F 145 693
Q 635 946
Q 557 655
F 134 210
Q 921 590
F 334 209
Q 567 586
F 867 310
Q 741 685
F 337 267
F 196 901
Q 709 714
Q 681 743
Q 63 963
F 73 6
Q 216 368
Q 831 243
Q 341 732
F 225 950
Q 172 880
Q 195 909
F 852 447
F 650 450
Q 274 243
Q 405 819
F 546 888
Q 519 284
Q 324 520
F 377 489
F 8 440
F 862 346
Q 156 354
F 792 918
Q 756 658
Q 602 692
Q 697 661
Q 221 390
F 566 256
F 296 40
Q 384 158
Q 763 41
Q 293 765
Q 732 600
F 215 698
F 388 369
Q 25 811
F 491 744
Q 426 12
F 882 117
F 688 812
Q 112 610
F 360 90
F 576 530
F 780 523
F 969 852
F 420 334
F 271 327
Q 273 306
Q 473 782
F 503 375
F 324 759
F 841 532
Q 167 903
Q 154 167
F 358 937
Q 226 611
F 795 504
F 815 149
F 770 873
Q 941 536
F 486 157
Q 23 859
Q 9 326
F 671 816
F 88 505
Q 923 343
Q 591 436
Q 273 458
F 73 656
F 837 619
F 396 522
F 130 781
Q 371 493
Q 422 831
Q 125 130
Q 530 639
F 341 348
F 688 189
Q 578 94
F 422 397
F 624 303
Q 571 594
Q 447 832
F 777 935
F 43 923
F 131 561
Q 509 782
Q 391 131
Q 657 25
Q 198 81
F 455 22
Q 850 536
F 911 648
Q 424 972
Q 368 550
Q 863 706
F 953 424
Q 593 320
F 202 178
Q 488 419
F 356 703
F 715 623
Q 47 624
Q 618 349
Q 491 758
Q 935 801
F 378 509
Q 454 315
Q 844 954
F 535 896
Q 12 375
Q 962 263
F 427 477
F 371 89
Q 522 962
Q 390 372
Q 140 436
F 406 415
F 283 582
F 418 564
F 858 985
F 896 777
Q 781 654
F 517 352
F 805 873
Q 116 817
F 207 616
Q 134 917
Q 574 358
F 153 853
F 438 202
F 157 115
Q 667 468
Q 219 280
Q 186 681
Q 552 542
Q 535 413
F 937 192
Q 408 673
F 40 767
F 656 302
F 855 663
F 303 338
Q 739 130
Q 874 186
F 540 940
F 582 319
Q 930 152
Q 905 501
Q 755 689
Q 35 816
F 691 117
Q 760 920
F 380 637
Q 19 463
F 935 720
F 903 417
Q 249 170
F 934 589
F 530 488
Q 391 882
F 180 726
F 881 732
F 624 923
F 334 623
Q 278 164
F 749 916
F 124 143
F 887 66
F 687 250
F 789 752
F 793 620
F 513 793
Q 210 898
F 779 176
Q 683 542
F 781 805
F 376 332
Q 785 151
F 253 789
Q 898 123
Q 59 328
F 754 940
Q 987 166
Q 171 372
F 538 142
F 408 27
F 598 681
F 565 463
F 121 184
Q 342 723
F 5 251
F 916 684
F 96 420
F 477 456
Q 161 28
Q 221 592
F 154 85
F 425 785
Q 775 145
Q 875 838
F 310 753
F 755 873
F 440 545
Q 125 762
Q 391 98
F 638 623
Q 537 729
Q 564 574
F 486 439
Q 558 808
Q 53 106
Q 439 263
F 748 483
F 905 538
F 120 167
Q 81 15
Q 346 955
F 415 561
F 20 970
Q 880 435
Q 692 506
F 669 60
F 831 335
F 934 468
Q 63 350
Q 186 335
Q 497 245
F 297 56
F 233 490
Q 972 480
F 167 258
F 788 744
Q 64 868
F 978 76
Q 325 606
Q 646 817
F 55 278
F 170 561
Q 814 21
Q 192 326
Q 6 239
F 922 596
Q 876 55
Q 297 474
Q 648 482
F 841 91
F 44 57
Q 460 712
Q 573 164
F 165 177
F 417 723
F 311 269
F 456 496
F 381 583
Q 62 227
Q 859 267
Q 305 900
Q 934 48
F 926 327
Q 881 582
F 802 3
F 248 802
F 31 228
Q 49 936
F 363 51
Q 144 793
Q 608 195
Q 475 31
Q 128 158
Q 270 790
F 712 689
Q 944 379
F 984 980
F 310 794
F 641 860
F 119 179
F 590 389
F 977 590
Q 886 123
Q 27 128
F 642 937
Q 876 860
Q 507 197
Q 426 158
Q 471 730
Q 213 53
F 900 983
F 469 784
F 596 726
F 355 235
F 938 528
Q 597 122
Q 517 288
Q 461 246
F 236 726
F 130 359
Q 122 286
Q 591 17
F 362 753
Q 124 3
Q 644 731
F 394 380
Q 329 557
Q 708 63
Q 701 484
F 483 154
F 404 922
Q 865 690
F 671 461
F 514 19
Q 247 813
F 478 789
Q 809 459
Q 755 849
F 132 95
F 393 581
Q 544 313
Q 774 740
Q 400 107
Q 948 483
Q 906 661
F 720 480
F 885 818
Q 117 84
Q 467 674
Q 681 572
F 720 440
F 103 195
F 874 422
F 270 83
