996 995
0 (
1 (
1 )
2 (
4 )
2 )
1 )
4 (
6 (
9 (
0 )
10 (
2 )
0 (
11 )
7 )
11 )
12 )
11 (
6 (
11 (
5 (
19 )
11 (
19 (
20 (
13 )
3 )
17 )
13 (
10 (
16 )
29 )
16 )
21 (
27 (
33 (
5 )
0 )
24 (
15 )
35 (
3 (
29 (
12 )
1 (
31 (
3 )
3 )
14 (
22 (
36 (
38 )
3 (
2 (
43 (
37 (
23 (
30 (
44 )
18 (
22 )
55 (
9 )
32 )
27 (
21 (
29 (
0 (
38 (
6 )
30 )
49 (
21 )
46 (
27 )
68 )
38 (
5 (
42 (
63 )
36 )
26 (
16 )
11 )
37 )
25 (
6 )
40 (
37 (
70 (
2 (
51 )
86 )
2 )
77 (
8 (
2 )
95 (
75 )
68 )
76 )
7 (
45 (
94 )
80 )
62 )
6 )
68 )
25 )
38 (
26 )
109 )
20 )
31 )
106 )
36 (
114 )
55 )
27 (
60 )
31 )
35 (
7 (
5 (
82 (
56 (
26 )
25 )
80 )
86 )
34 )
21 )
119 )
128 (
0 )
76 )
95 (
26 (
64 (
88 (
98 (
24 (
53 (
106 )
111 )
114 )
19 (
93 )
19 )
92 )
11 (
127 (
99 (
130 (
66 )
77 (
13 )
133 (
146 )
146 )
159 )
69 )
56 (
114 )
145 )
53 )
164 (
115 )
42 )
122 )
60 )
18 )
29 )
70 )
154 )
159 )
125 )
42 (
121 )
88 (
92 )
3 )
68 )
13 )
29 )
73 (
43 (
28 (
179 (
65 )
52 (
167 (
183 )
172 )
172 (
5 (
189 )
1 )
123 (
120 )
20 (
89 )
123 (
201 (
179 (
24 (
185 )
178 (
20 )
194 )
66 (
130 (
183 )
130 (
64 )
124 (
66 )
215 )
183 (
202 (
54 )
132 )
1 (
20 (
75 (
161 )
82 )
136 )
68 (
214 (
196 (
181 (
163 (
4 (
192 )
209 )
87 (
139 )
147 )
96 )
112 (
217 (
58 (
3 (
166 (
116 (
62 )
96 (
163 (
232 )
245 )
249 (
153 )
246 )
87 (
118 (
70 )
76 )
30 )
3 )
257 )
118 (
215 (
112 (
245 (
20 (
191 )
112 (
69 (
130 (
230 )
144 (
23 )
216 (
227 )
51 (
104 )
144 )
246 )
1 (
60 (
93 )
221 )
32 )
135 )
84 (
24 )
151 )
114 (
65 (
89 (
129 )
133 (
81 (
68 )
190 )
108 (
143 (
292 )
7 (
194 (
222 )
148 (
19 (
189 (
41 (
223 )
110 (
182 (
249 (
81 (
199 (
247 (
178 (
135 )
307 (
242 )
41 (
131 )
149 (
319 )
215 )
322 )
302 (
171 )
317 (
124 )
212 )
234 (
32 )
219 )
202 (
208 (
297 )
237 )
295 (
57 )
147 (
177 (
57 )
337 )
37 )
206 )
180 (
327 )
106 (
304 )
55 )
178 (
49 )
344 (
222 (
70 (
245 (
225 )
194 (
216 )
271 (
118 (
300 (
33 )
260 (
109 (
128 (
205 )
47 )
207 (
359 (
73 )
347 (
25 (
333 )
179 )
33 )
213 (
277 )
328 (
333 )
83 (
197 (
106 )
358 (
248 )
253 (
332 (
152 )
274 (
116 (
278 (
173 )
378 )
34 (
376 )
359 )
213 (
179 )
317 )
329 )
220 )
109 (
304 )
191 (
312 )
179 )
66 )
190 )
230 )
315 )
72 (
329 )
228 )
34 (
169 (
393 (
258 )
343 )
61 (
291 )
282 )
190 (
382 (
228 (
297 )
250 (
383 )
296 (
355 )
40 (
34 )
367 (
243 (
241 )
216 )
298 )
277 (
185 (
201 )
252 )
410 )
10 )
125 (
286 (
211 (
141 (
85 )
193 (
182 (
341 )
389 (
436 )
4 (
180 (
98 )
267 )
385 (
341 (
46 (
173 )
208 (
311 )
182 (
392 )
212 (
11 )
43 )
129 (
380 )
333 )
342 )
123 )
143 (
310 (
451 )
118 (
433 )
174 (
184 (
201 )
116 (
39 )
89 )
147 )
72 )
421 )
256 )
70 )
172 (
481 (
184 )
318 )
54 (
452 (
174 (
465 (
127 (
271 (
465 (
27 (
233 )
160 )
442 (
228 (
71 (
397 )
78 )
482 )
173 )
235 (
127 (
173 (
317 (
271 )
420 (
464 )
406 )
107 (
173 (
326 (
345 (
223 )
2 )
357 )
407 (
518 )
150 )
25 )
117 (
321 (
300 )
395 )
68 )
90 )
180 )
123 (
290 )
65 )
277 )
500 (
499 )
351 )
222 (
478 (
112 )
189 )
106 )
85 (
79 )
85 )
188 )
345 (
25 )
101 (
74 )
134 )
366 (
25 )
412 )
63 (
21 )
527 )
520 (
362 )
374 )
449 (
130 (
307 (
374 )
137 )
511 )
170 (
303 )
323 (
388 (
34 )
333 )
505 (
117 (
23 )
414 )
361 )
35 (
64 (
250 (
408 )
537 (
306 (
424 (
218 )
267 (
13 (
543 (
434 )
438 )
562 )
38 )
461 (
474 (
496 )
133 (
448 (
154 )
523 )
430 )
75 )
404 )
259 )
84 (
372 )
396 )
282 (
215 )
597 (
532 (
367 )
294 (
54 )
455 (
477 )
596 (
164 )
610 (
43 (
420 )
541 )
588 )
354 )
568 )
480 )
514 )
342 (
606 )
168 (
8 (
566 )
466 (
408 (
500 )
224 )
294 )
239 (
370 )
174 (
154 (
451 (
588 (
308 (
197 (
484 (
170 )
605 )
434 )
92 (
389 )
353 (
275 (
616 )
397 )
243 (
649 (
130 (
233 )
396 (
433 (
358 )
484 )
500 )
413 (
133 (
206 (
157 (
354 (
158 )
113 )
480 )
612 )
337 (
280 (
599 )
101 )
663 (
133 (
363 )
462 (
43 (
51 (
399 )
124 )
418 (
281 )
47 (
36 )
213 )
554 )
427 (
423 (
301 (
642 (
622 (
103 )
612 (
415 )
480 (
136 (
258 )
433 )
76 )
420 (
466 )
238 (
237 (
584 )
598 )
207 )
534 (
24 )
690 )
31 (
422 (
703 )
25 )
462 )
422 (
221 (
197 )
272 (
20 )
647 (
64 (
723 (
213 (
494 )
624 (
284 )
279 )
504 (
427 )
471 (
393 )
426 )
428 )
445 (
101 )
285 )
195 )
389 )
692 (
705 )
720 )
495 )
78 )
332 )
17 (
732 (
516 )
744 (
209 )
697 (
623 )
737 (
681 )
40 )
92 )
320 (
60 (
15 )
136 (
435 (
653 )
304 )
711 (
739 )
726 (
65 )
160 )
148 )
480 (
347 )
11 (
272 (
538 (
545 )
740 (
132 )
430 )
327 )
713 (
466 (
379 )
459 )
701 (
157 (
303 )
183 )
108 (
156 (
250 )
146 )
527 (
56 (
507 )
360 (
168 (
801 )
309 (
418 (
550 )
125 )
492 )
567 )
643 (
33 (
551 (
195 )
555 (
694 (
139 (
729 (
206 (
633 (
574 )
389 (
734 )
132 )
102 )
388 )
124 (
603 (
479 (
312 )
545 )
103 )
62 (
221 )
832 )
474 )
344 )
73 (
225 )
241 (
209 (
715 )
791 )
341 (
574 (
592 (
370 )
114 (
824 (
847 )
442 (
763 (
374 (
663 (
614 (
741 )
274 )
58 (
135 )
7 )
157 )
766 )
116 (
448 (
511 )
252 (
46 )
309 )
743 )
395 )
302 )
79 )
803 )
656 (
279 )
662 )
562 (
811 (
553 )
185 )
123 (
221 )
291 (
644 )
327 (
192 )
187 (
128 (
394 (
270 )
625 )
478 )
507 (
232 (
797 )
228 )
827 (
720 (
425 (
439 (
155 )
26 )
766 (
87 (
897 )
661 (
301 (
406 (
715 )
780 )
523 (
42 )
76 (
560 )
784 )
358 )
29 )
101 )
53 (
653 (
866 )
694 )
155 )
15 (
513 (
480 )
32 (
690 (
271 )
127 (
582 (
334 )
259 )
928 )
685 )
457 )
179 )
400 (
693 (
673 )
392 )
506 (
687 (
37 (
617 )
893 )
871 (
639 (
2 )
914 (
347 (
900 )
49 (
948 )
545 )
38 )
84 (
881 (
547 (
490 (
366 )
421 (
144 (
104 (
883 )
796 )
807 (
222 )
822 )
357 )
135 )
873 (
798 (
557 )
33 )
90 (
2 (
874 )
475 )
666 (
33 (
669 (
350 (
974 )
970 )
441 (
848 (
112 (
627 (
488 (
155 (
108 (
425 )
497 )
537 (
Q 136 856
F 375 308
F 809 163
F 823 478
F 475 98
F 653 972
Q 115 19
Q 312 961
F 508 111
F 298 553
F 960 563
Q 839 899
Q 74 642
Q 717 701
Q 905 802
F 377 810
Q 88 584
F 77 987
F 402 936
Q 119 76
F 295 841
Q 451 156
F 859 924
Q 432 927
Q 19 275
Q 353 192
F 469 693
F 917 519
F 897 16
Q 42 160
F 837 851
F 86 104
Q 495 789
F 614 507
Q 813 133
Q 793 714
Q 817 259
F 945 499
F 96 255
Q 32 375
F 405 248
F 202 51
Q 317 203
Q 696 134
Q 196 441
F 20 465
F 776 606
Q 419 332
F 654 352
F 810 568
Q 659 687
F 753 209
Q 704 541
F 908 829
F 589 188
F 236 125
F 170 471
Q 762 372
Q 442 282
Q 794 445
Q 777 942
Q 194 898
F 568 864
F 55 214
Q 927 464
F 108 70
Q 110 137
F 214 307
Q 20 127
Q 347 182
F 157 885
F 975 673
Q 570 743
F 140 513
Q 770 778
F 632 873
F 578 470
F 748 373
Q 308 557
Q 135 858
Q 188 82
F 232 493
Q 196 772
F 604 802
F 57 396
F 455 134
Q 846 791
F 642 948
F 917 989
Q 149 576
F 883 742
F 717 556
F 361 10
Q 292 812
F 116 616
Q 899 440
Q 863 298
F 932 725
F 792 260
F 669 616
Q 255 145
Q 160 334
F 739 685
F 160 272
Q 375 56
F 772 660
F 343 523
F 39 68
F 952 358
F 355 386
Q 924 113
Q 234 653
F 814 111
F 289 30
F 377 928
F 106 531
Q 422 129
F 777 860
F 696 209
Q 266 554
F 964 453
Q 694 340
Q 389 864
F 594 572
F 497 501
Q 72 207
Q 652 334
Q 292 635
F 176 898
Q 34 961
Q 977 932
F 478 509
Q 87 505
Q 23 93
F 809 851
Q 192 343
F 420 488
Q 467 62
F 417 446
Q 719 487
Q 291 651
F 21 963
Q 536 792
Q 647 120
F 624 38
Q 168 28
F 771 573
F 35 832
F 548 412
F 469 294
Q 262 504
F 985 249
F 183 868
F 498 521
Q 762 81
F 522 211
F 877 594
Q 6 318
F 88 994
Q 364 702
F 416 880
Q 142 393
F 711 131
F 501 375
F 346 431
Q 96 277
F 599 44
Q 273 498
F 890 321
F 304 821
Q 990 840
Q 550 439
F 613 239
F 848 584
Q 368 22
Q 706 795
Q 891 555
F 262 566
Q 41 77
F 61 838
F 1 62
Q 939 56
Q 5 306
F 729 180
F 547 688
Q 60 74
Q 216 559
Q 0 527
F 858 73
F 319 465
Q 492 484
F 63 413
Q 553 316
Q 580 809
Q 949 796
Q 62 101
F 578 276
F 547 437
Q 202 743
F 913 673
Q 484 105
Q 139 453
F 320 843
F 135 971
Q 836 534
Q 266 365
Q 640 761
F 23 882
Q 818 103
Q 370 640
Q 923 956
Q 282 380
F 939 329
F 688 594
Q 363 278
F 748 608
Q 447 691
Q 540 808
Q 750 932
Q 284 903
Q 219 806
F 914 396
F 977 945
Q 559 97
F 978 679
F 921 545
Q 567 451
F 118 455
Q 334 971
Q 149 582
F 669 408
F 555 85
Q 354 995
F 380 200
Q 435 829
F 903 951
Q 871 362
F 258 498
Q 933 239
Q 119 562
F 897 416
Q 279 39
F 165 844
Q 713 922
F 6 731
Q 642 237
Q 66 656
Q 993 415
F 235 189
F 570 937
Q 273 151
Q 243 143
Q 656 62
F 155 160
F 182 867
F 374 245
F 119 340
Q 580 782
Q 861 937
Q 892 313
F 790 928
F 452 694
Q 440 815
F 679 624
Q 508 776
F 424 616
Q 253 629
F 976 947
F 339 505
Q 505 552
F 982 507
F 161 618
F 528 848
F 396 34
Q 308 611
Q 246 84
F 780 248
F 875 583
Q 21 753
F 897 359
Q 308 128
F 863 667
F 399 616
Q 583 935
F 394 955
Q 55 295
F 563 417
Q 687 341
Q 345 851
Q 221 295
Q 984 553
F 141 844
F 331 431
Q 163 931
Q 363 433
F 546 60
Q 747 850
F 53 956
F 28 416
F 720 312
F 62 654
Q 921 386
Q 196 301
Q 145 262
Q 140 482
F 246 893
Q 750 596
F 17 459
Q 863 406
Q 506 90
F 748 128
F 931 404
F 384 406
F 378 25
Q 426 172
Q 230 984
Q 676 484
F 17 524
F 280 960
F 726 489
Q 699 12
Q 721 732
F 19 783
Q 763 798
F 692 861
Q 239 160
Q 134 885
Q 475 921
F 569 483
F 433 732
F 539 104
Q 526 477
Q 626 109
F 732 472
F 81 961
F 623 258
F 140 227
Q 395 536
F 953 75
F 823 914
Q 458 403
Q 212 158
Q 312 589
Q 686 20
F 933 426
F 311 736
F 297 690
F 332 237
Q 506 70
F 17 148
F 302 365
F 416 249
Q 909 764
F 947 277
F 426 99
Q 532 101
F 885 813
Q 837 934
Q 922 283
Q 214 517
F 589 826
F 460 480
Q 766 615
F 899 286
Q 682 670
F 25 79
F 283 300
F 456 619
Q 424 406
Q 613 480
F 669 964
Q 111 305
F 681 338
Q 848 37
F 168 460
Q 777 869
F 107 236
Q 823 590
Q 133 946
Q 119 282
F 16 958
F 975 649
Q 152 385
F 679 650
F 55 37
F 399 615
Q 789 710
Q 463 473
F 794 899
Q 430 876
Q 750 399
F 167 702
Q 236 976
Q 720 913
Q 462 145
Q 817 307
F 227 718
F 757 725
F 389 829
F 679 868
Q 477 595
F 727 843
F 420 952
F 321 336
F 708 71
Q 877 901
Q 992 841
Q 457 14
F 544 717
Q 325 329
Q 840 148
F 449 552
F 82 433
Q 299 221
F 398 47
F 973 371
Q 793 529
Q 925 797
F 809 411
Q 556 344
F 132 15
Q 729 129
Q 614 14
F 427 351
Q 563 559
F 931 118
F 901 852
F 918 929
Q 675 620
Q 614 776
F 915 28
Q 320 533
Q 901 582
Q 150 767
F 840 686
F 185 940
Q 200 459
F 910 529
Q 292 653
F 76 515
F 994 76
F 252 16
Q 832 341
Q 229 101
F 265 198
Q 958 830
Q 952 552
F 114 960
F 192 980
F 598 819
F 241 562
F 108 304
Q 906 910
F 483 292
F 539 639
Q 868 296
F 667 629
Q 580 611
Q 709 922
F 137 946
F 56 708
F 494 580
F 982 810
Q 835 554
Q 714 515
F 64 176
Q 812 310
F 892 832
Q 604 596
F 404 989
Q 397 307
F 541 536
Q 64 629
F 967 83
Q 736 135
Q 915 211
Q 352 590
F 519 356
Q 283 330
Q 692 90
Q 407 612
F 528 585
F 93 111
F 862 520
F 376 819
Q 938 846
Q 11 246
Q 141 902
F 283 134
F 596 813
F 930 954
Q 378 969
F 69 939
F 248 179
Q 816 121
F 865 528
Q 871 455
Q 156 372
F 608 433
Q 505 216
Q 368 696
Q 789 330
Q 426 479
Q 636 990
F 70 260
Q 647 603
Q 465 224
Q 635 222
Q 699 71
Q 174 613
F 246 451
F 769 612
F 759 343
Q 805 696
Q 702 895
Q 354 276
Q 186 958
F 584 525
F 532 947
Q 655 512
F 392 804
F 357 302
F 406 32
Q 330 27
F 367 11
F 9 791
Q 724 835
Q 377 750
F 713 585
Q 398 977
Q 873 538
F 268 128
F 549 207
Q 556 267
Q 775 762
F 537 604
Q 45 338
Q 830 407
F 517 856
Q 150 292
F 619 135
F 956 491
F 293 498
Q 320 498
F 314 604
Q 905 99
F 458 817
Q 180 941
Q 320 263
Q 220 476
F 513 415
Q 699 450
F 36 149
F 409 652
Q 687 604
F 892 497
F 796 706
Q 775 355
F 859 696
F 887 892
F 878 517
Q 578 2
F 550 809
F 229 989
F 665 351
F 245 268
F 880 579
F 509 210
F 303 897
Q 287 99
Q 942 441
F 555 71
Q 395 437
F 191 993
F 957 320
Q 949 400
F 294 376
Q 622 566
F 891 649
F 372 54
F 539 643
Q 6 87
Q 475 733
F 974 988
Q 457 456
F 731 250
Q 808 67
F 204 620
F 818 943
Q 240 907
F 102 838
F 455 330
F 324 348
Q 553 351
F 291 182
Q 677 434
Q 802 582
F 20 429
Q 654 922
Q 91 148
F 810 31
Q 658 407
F 619 785
F 810 78
Q 215 209
F 681 972
Q 12 207
F 225 442
F 298 353
Q 858 149
Q 244 567
F 871 915
F 898 757
Q 679 726
Q 677 65
Q 163 403
Q 374 201
Q 355 261
F 261 712
Q 614 383
F 832 427
Q 335 724
Q 550 879
F 986 769
Q 75 664
F 86 805
Q 940 817
Q 607 59
F 152 19
F 994 47
F 704 303
F 671 499
Q 390 944
F 203 280
Q 433 183
Q 600 333
F 267 700
F 274 234
Q 340 933
F 186 433
F 526 117
F 460 557
F 50 640
F 240 188
F 890 529
Q 962 726
F 447 295
F 303 374
F 752 344
Q 198 232
F 303 107
F 563 911
Q 851 129
Q 557 564
Q 382 158
F 751 640
F 689 7
F 893 190
F 6 847
Q 475 621
Q 277 478
F 118 576
Q 906 743
Q 154 750
F 925 594
Q 355 876
Q 942 899
F 524 456
F 619 105
F 352 281
F 428 197
Q 730 476
Q 259 587
Q 164 17
Q 692 203
F 724 845
Q 1 15
Q 767 690
F 273 316
Q 836 721
Q 441 690
F 159 682
Q 528 300
Q 846 690
F 837 732
Q 816 921
Q 654 107
F 650 679
F 512 129
Q 50 780
F 92 919
F 661 50
Q 911 192
Q 360 418
Q 344 992
F 570 69
F 461 671
F 61 214
Q 960 870
F 466 904
F 940 872
Q 589 140
Q 509 755
Q 597 327
F 376 840
F 407 413
F 850 284
F 461 675
F 661 724
F 766 634
Q 463 995
F 700 756
Q 319 550
Q 942 490
F 174 904
Q 967 930
Q 48 779
F 278 782
Q 47 26
Q 727 950
F 839 88
Q 974 707
F 382 801
F 814 220
Q 781 459
Q 124 309
F 615 804
F 153 57
Q 289 58
Q 189 427
Q 290 43
Q 282 784
Q 909 65
Q 44 920
Q 805 772
F 685 419
Q 497 326
Q 155 745
F 696 619
Q 745 597
Q 737 931
Q 155 426
F 470 608
F 654 768
Q 397 372
Q 735 401
Q 157 230
Q 98 794
Q 675 943
Q 682 704
F 544 852
F 467 530
Q 630 130
F 12 585
Q 676 74
Q 269 886
Q 415 629
F 943 967
Q 113 519
F 542 556
Q 117 675
F 272 452
Q 869 222
Q 676 372
F 955 321
F 429 175
Q 218 767
Q 824 11
Q 878 735
Q 675 74
F 862 945
F 391 679
F 401 40
F 327 867
Q 389 340
F 362 363
Q 540 832
F 731 869
Q 755 242
Q 680 759
Q 867 914
F 469 642
Q 445 820
Q 757 678
Q 277 358
F 524 792
F 134 713
F 638 137
Q 245 878
F 824 806
Q 117 327
F 106 888
Q 229 891
F 132 342
F 279 827
Q 169 961
F 664 6
F 165 275
F 475 912
F 281 587
F 631 378
Q 24 431
F 353 113
Q 179 726
Q 598 327
Q 437 120
F 328 329
F 677 855
Q 654 139
F 989 89
F 10 449
Q 104 291
Q 666 651
F 749 88
F 286 478
F 781 218
F 73 780
F 914 147
F 241 930
F 862 299
F 512 828
Q 971 389
Q 420 818
F 56 101
F 458 677
F 131 912
Q 798 75
F 688 114
F 542 299
Q 390 379
Q 405 967
Q 456 799
F 813 212
Q 959 664
Q 848 551
Q 722 445
Q 131 449
Q 906 113
F 244 673
Q 222 864
Q 865 900
F 173 649
F 221 973
F 486 800
Q 450 606
Q 504 510
Q 964 67
F 131 442
Q 733 857
F 559 78
Q 344 293
Q 595 338
Q 811 45
Q 261 156
F 259 855
Q 467 573
F 739 625
Q 765 71
F 437 260
Q 165 779
Q 352 5
Q 114 456
Q 926 649
Q 330 611
F 679 323
Q 765 377
Q 275 799
Q 614 16
Q 584 621
Q 896 423
F 855 139
F 953 232
F 368 843
Q 147 757
Q 240 980
F 58 229
Q 426 151
Q 293 92
Q 821 885
Q 832 723
F 505 615
F 450 354
Q 0 510
Q 179 545
F 818 204
Q 336 428
Q 271 722
F 706 90
Q 480 615
Q 580 497
Q 21 352
Q 909 588
Q 138 561
Q 717 276
F 304 561
Q 601 532
Q 382 529
F 993 531
F 146 226
Q 805 611
Q 553 983
Q 61 152
F 807 296
Q 86 533
Q 308 712
Q 272 594
Q 323 29
F 725 150
F 195 987
Q 221 803
F 175 762
F 247 36
F 113 504
Q 975 5
Q 711 870
Q 785 165
Q 190 821
Q 962 848
Q 827 64
Q 78 103
Q 634 151
F 30 460
Q 572 683
Q 886 549
F 845 744
F 533 445
Q 846 463
Q 727 457
Q 20 633
Q 23 201
Q 30 475
Q 591 419
F 279 527
Q 392 578
Q 512 814
F 370 114
F 243 608
F 955 367
F 459 757
Q 766 820
Q 3 941
F 530 778
F 938 270
F 4 657
F 426 931
F 26 109
Q 487 840
F 310 432
Q 801 33
F 562 708
F 404 355
F 5 380
F 420 2
Q 490 639
Q 440 615
F 374 279
Q 447 385
F 908 378
F 649 407
F 320 654
F 931 647
F 848 63
Q 450 230
Q 622 130
F 9 826
F 297 404
Q 356 219
Q 292 343
F 951 106
Q 992 396
Q 683 94
F 221 646
Q 524 457
F 162 485
Q 844 843
F 231 370
F 423 993
Q 944 194
F 955 888
F 420 84
F 841 414
F 113 672
F 972 757
F 710 977
F 586 859
F 520 522
Q 92 178
F 149 617
Q 222 605
Q 185 324
Q 867 526
F 522 948
Q 186 412
Q 379 97
Q 690 963
