997 998
0 (
0 )
2 )
0 (
4 (
5 (
6 (
7 )
0 (
9 (
10 (
11 )
12 )
13 (
14 (
15 )
16 (
17 (
18 (
19 (
20 )
21 )
22 (
23 )
24 (
25 )
26 )
27 (
28 )
29 (
30 (
31 (
32 )
33 )
34 (
35 (
36 )
37 )
38 )
39 )
40 )
41 (
42 (
43 )
44 (
45 (
46 )
47 )
48 )
49 (
50 )
51 )
52 )
53 )
54 (
55 )
56 (
57 (
58 )
59 (
60 (
61 )
62 )
63 )
64 )
65 (
66 )
67 )
68 (
69 (
70 )
71 (
72 )
73 (
74 )
75 )
76 )
77 (
78 )
79 (
80 )
81 )
82 )
83 (
84 (
85 (
86 )
87 )
88 (
89 )
90 (
91 (
92 )
93 )
94 )
95 (
96 (
97 (
98 )
99 (
100 )
101 (
102 (
103 )
104 (
105 )
106 (
107 )
108 (
109 (
110 )
111 (
112 (
113 (
114 )
115 (
116 (
117 )
118 (
119 )
120 )
121 )
122 )
123 )
124 )
125 (
126 )
127 (
128 (
129 )
130 )
131 )
132 (
133 (
134 )
135 (
136 )
137 (
138 )
139 (
140 (
141 (
142 )
143 )
144 )
145 (
146 )
147 (
148 )
149 (
150 )
151 )
152 (
153 )
154 (
155 )
156 (
157 (
158 )
159 (
160 (
161 )
162 (
163 (
164 (
165 (
166 (
167 (
168 (
169 )
170 (
171 )
172 )
173 )
174 )
175 (
176 (
177 )
178 )
179 )
180 )
181 )
182 )
183 (
184 (
185 )
186 (
187 (
0 (
189 )
190 (
191 (
192 )
193 (
194 (
195 )
196 (
197 )
198 (
199 )
200 )
201 (
202 (
203 (
204 )
205 (
206 (
207 )
208 (
209 )
210 (
211 )
212 )
213 )
214 (
215 )
216 )
217 )
218 )
219 )
220 (
221 (
222 )
223 (
224 )
225 )
226 )
227 )
228 (
229 (
230 (
231 )
232 )
233 )
234 (
235 )
236 (
237 (
238 )
239 )
240 (
241 )
242 )
243 (
244 )
245 )
246 (
247 (
248 )
249 (
250 )
251 )
252 )
253 (
254 (
255 )
256 )
257 (
258 (
259 )
260 )
261 (
262 (
263 (
264 )
265 )
266 (
267 )
268 (
269 )
270 (
271 )
272 (
273 )
274 (
275 )
276 (
277 )
278 )
279 )
280 )
281 )
282 )
283 (
284 )
285 )
286 )
287 (
288 )
289 )
290 )
291 )
292 )
293 (
294 (
295 (
296 )
297 )
298 (
299 (
300 )
301 )
302 )
303 )
304 (
305 (
306 )
307 (
308 )
309 )
310 )
311 )
312 )
313 (
314 (
315 (
316 (
317 (
318 (
319 )
320 )
321 )
322 )
323 )
324 (
325 )
326 )
327 )
328 (
329 )
330 )
331 (
332 (
333 )
334 )
335 )
336 (
337 )
338 )
339 (
340 (
341 (
342 (
343 )
344 (
0 )
346 )
347 (
348 )
349 )
350 (
351 (
352 (
353 )
354 )
355 (
356 )
357 )
358 (
359 (
360 (
361 (
362 (
363 )
364 )
365 )
366 )
367 (
368 )
369 (
370 )
371 (
372 )
373 )
374 )
375 )
376 )
377 )
378 (
379 )
380 )
381 (
382 (
383 (
384 )
385 )
386 )
387 )
388 )
389 )
390 )
391 )
392 )
393 )
394 )
395 )
396 (
397 (
398 )
399 (
400 (
401 )
402 )
403 (
404 )
405 (
406 (
407 )
408 (
409 )
410 )
411 )
412 (
413 (
414 (
415 (
416 (
417 )
418 )
419 (
420 (
421 )
422 (
423 (
424 )
425 (
426 (
427 (
428 (
429 (
430 )
431 )
432 )
433 )
434 (
435 (
436 (
437 )
438 )
439 (
440 )
441 )
442 (
443 )
444 (
445 (
446 )
447 (
448 )
449 (
450 )
451 (
452 (
453 )
454 (
455 (
456 (
457 )
458 (
459 )
460 (
461 )
462 (
463 )
464 )
465 (
466 (
467 )
468 (
469 )
470 )
471 (
472 )
473 )
474 (
475 )
476 (
477 (
478 (
479 )
480 )
481 )
482 (
483 )
484 )
485 (
486 )
487 (
488 (
489 (
490 )
491 (
492 (
493 )
494 )
495 (
496 )
497 (
498 )
499 (
500 )
501 (
502 )
503 (
504 )
505 (
506 (
507 )
508 )
509 (
510 )
511 )
512 )
513 (
514 )
515 )
516 )
517 )
518 )
519 (
520 (
521 (
522 (
523 (
524 )
525 (
526 (
527 (
528 )
529 )
530 (
531 )
532 )
533 (
534 )
535 )
536 )
537 )
538 (
539 (
540 )
541 )
542 (
543 (
544 )
545 (
546 (
547 (
548 (
549 (
550 (
551 )
552 (
553 (
554 (
555 )
556 (
557 (
558 )
559 (
560 )
561 )
562 (
563 (
564 (
565 )
566 )
567 (
568 )
569 (
570 )
571 )
572 (
573 (
574 )
575 )
576 )
577 )
578 (
579 (
580 )
581 (
582 (
583 (
584 (
585 (
586 )
587 )
588 )
589 (
590 )
591 (
592 (
593 (
594 )
595 (
596 )
597 )
598 (
599 (
600 (
601 )
602 )
603 (
604 )
605 )
606 )
607 )
608 (
609 )
610 (
611 )
612 (
613 (
614 )
615 )
616 )
617 )
618 )
619 (
620 (
621 (
622 )
623 )
624 (
625 )
626 )
627 )
628 (
629 (
630 )
631 (
632 )
633 )
634 (
635 )
636 )
637 (
638 )
639 (
640 )
641 )
642 (
643 (
644 )
645 (
646 (
647 (
648 (
649 (
650 (
651 (
652 )
653 )
654 )
655 (
656 )
657 (
658 )
659 )
660 (
661 )
662 (
663 )
664 (
665 )
666 (
667 )
668 (
669 (
670 )
671 (
672 (
673 (
674 (
675 )
676 )
677 (
678 )
679 )
680 )
681 )
682 (
683 )
684 )
685 (
686 )
687 )
688 )
689 (
690 (
691 (
692 (
693 )
694 (
695 )
696 )
697 )
698 )
699 )
700 (
701 (
702 (
703 )
704 )
705 )
706 )
707 (
708 )
709 (
710 )
711 )
712 )
713 (
714 )
715 (
716 )
717 )
718 (
719 (
720 (
721 (
722 (
723 (
724 (
725 (
726 )
727 (
728 )
729 )
730 )
0 )
732 (
733 (
734 )
735 )
736 )
737 (
738 )
739 (
740 )
741 )
742 )
743 )
744 (
745 )
746 )
747 )
748 )
749 (
750 )
751 )
752 (
753 (
754 )
755 )
756 (
757 (
758 )
759 )
760 (
761 (
762 )
763 )
764 )
765 (
766 (
767 (
768 )
769 )
770 (
771 (
772 )
773 (
774 )
775 )
776 (
777 )
778 )
779 )
780 (
781 )
782 (
783 )
784 (
785 (
786 )
787 (
788 )
789 (
790 (
791 )
792 (
793 )
794 )
795 (
796 )
797 )
798 )
799 )
800 )
801 (
802 (
803 (
804 (
805 )
806 )
807 (
808 )
809 )
810 (
811 (
812 )
813 )
814 )
815 )
816 (
817 )
818 (
819 (
820 (
821 )
822 (
823 (
824 )
825 (
826 )
827 )
828 (
829 (
830 (
831 (
832 )
833 (
834 )
835 )
836 )
837 )
838 (
839 (
840 )
841 )
842 (
843 (
844 (
845 )
846 )
847 (
848 )
849 )
850 (
851 )
852 )
853 )
854 )
855 (
856 )
857 )
858 (
859 (
860 )
861 )
862 (
863 )
864 (
865 (
866 )
867 )
868 (
869 (
870 )
871 )
872 (
873 (
874 )
875 )
876 )
877 (
878 )
879 (
880 )
881 )
882 (
883 )
884 (
885 (
886 (
887 (
888 (
889 )
890 )
891 )
892 (
893 )
894 (
895 )
896 )
897 (
898 )
899 (
900 (
901 (
902 (
903 )
904 )
905 )
906 (
907 )
908 (
909 (
910 )
911 )
912 (
913 (
914 (
915 )
916 )
917 )
918 )
919 )
920 )
921 )
922 (
923 )
924 (
925 (
926 )
927 )
928 (
929 (
930 )
931 )
932 )
933 (
934 )
935 (
936 (
937 (
938 (
939 (
940 (
941 )
942 )
943 (
944 (
945 )
946 (
947 )
948 )
949 (
950 (
951 )
952 )
953 )
954 (
955 )
956 (
957 (
958 )
959 )
960 )
961 )
962 (
963 )
964 )
965 )
966 )
967 (
968 )
969 )
970 )
971 )
972 (
973 (
974 (
975 )
976 )
977 )
978 )
979 (
980 )
981 (
982 (
983 (
984 (
985 )
986 (
987 )
988 (
989 (
990 (
991 )
992 )
993 (
994 )
995 )
Q 540 188
F 912 618
Q 181 996
Q 3 616
Q 720 783
Q 642 522
F 953 587
F 514 693
F 805 146
F 210 271
F 449 693
Q 887 956
Q 450 624
F 6 441
F 738 825
F 768 295
F 133 676
Q 613 279
F 841 79
Q 850 597
Q 808 315
Q 923 362
Q 190 548
F 96 940
Q 915 693
Q 740 77
F 221 772
F 709 500
F 125 507
Q 943 266
F 268 974
F 539 18
Q 553 957
Q 749 370
F 772 823
F 688 772
F 587 476
Q 611 799
Q 517 484
Q 202 47
Q 678 65
Q 395 583
F 234 315
Q 191 687
F 805 982
F 646 287
Q 320 66
F 855 611
Q 654 500
F 526 262
F 0 365
Q 670 724
Q 144 754
Q 907 548
Q 480 796
Q 353 627
Q 717 237
F 224 318
F 392 917
Q 659 959
Q 543 107
Q 275 801
F 822 982
Q 600 753
F 980 860
Q 827 774
Q 79 291
F 193 422
Q 412 267
Q 566 751
Q 842 659
Q 372 134
F 29 606
Q 623 746
Q 485 744
F 757 326
F 25 717
F 273 822
F 957 752
Q 166 609
Q 961 962
F 947 54
F 940 206
F 710 430
Q 729 300
Q 361 9
F 143 793
Q 760 395
Q 725 996
F 779 630
F 233 987
Q 673 666
F 4 591
Q 960 688
F 844 570
F 664 141
F 953 150
Q 538 11
Q 426 958
F 347 647
F 254 340
Q 795 94
Q 526 366
Q 312 316
Q 561 588
Q 165 333
F 940 554
F 350 123
F 493 347
Q 936 128
Q 605 144
F 343 957
F 87 411
F 309 557
Q 79 43
F 239 277
F 810 152
F 903 935
Q 746 90
Q 981 713
Q 39 623
F 402 818
F 64 738
Q 672 225
Q 520 961
F 868 648
F 396 705
Q 367 437
Q 215 844
Q 389 60
Q 270 789
F 612 650
F 933 282
F 983 669
Q 954 745
Q 883 10
F 568 762
Q 511 157
F 553 587
F 625 903
F 14 422
Q 839 255
Q 378 135
Q 912 706
F 117 696
F 438 400
F 286 454
Q 83 289
F 278 945
Q 220 344
F 522 346
Q 884 504
F 489 727
Q 581 990
Q 458 47
F 611 144
F 451 603
Q 572 484
Q 10 469
F 261 126
F 989 880
Q 152 703
Q 378 670
F 486 897
Q 836 171
Q 769 115
Q 257 407
Q 88 709
F 876 326
F 742 601
Q 175 91
Q 987 249
F 928 437
F 29 934
Q 628 884
F 200 511
F 515 978
Q 42 348
Q 195 237
Q 74 712
Q 626 734
F 146 135
Q 889 856
F 751 581
F 406 824
Q 672 455
Q 785 713
Q 311 383
Q 652 159
F 487 620
F 970 525
Q 804 907
Q 899 684
F 289 911
Q 62 106
Q 68 503
F 363 160
F 964 844
Q 667 865
F 49 557
F 122 749
Q 538 995
Q 238 846
Q 154 829
Q 593 583
F 618 718
Q 310 111
F 439 113
Q 421 178
F 250 698
F 983 462
F 486 192
F 149 727
Q 429 866
Q 34 72
Q 196 986
Q 108 38
F 64 813
F 351 237
Q 257 517
Q 619 473
Q 408 749
Q 397 228
Q 69 411
Q 738 683
Q 493 679
Q 421 572
F 65 210
F 951 348
F 655 285
F 692 37
Q 928 631
F 410 318
F 541 21
Q 167 329
Q 241 741
F 450 427
Q 670 357
Q 848 888
F 231 182
Q 233 294
Q 136 99
F 68 446
Q 909 957
F 18 624
Q 315 692
Q 415 32
F 532 65
Q 454 960
Q 405 297
Q 819 226
Q 794 857
Q 621 402
Q 728 400
Q 913 859
Q 855 570
Q 18 387
F 383 845
F 121 420
Q 647 883
F 273 673
Q 975 792
Q 319 663
F 526 86
F 20 956
Q 718 603
Q 879 485
Q 291 339
Q 313 882
Q 289 925
F 47 51
F 694 949
F 235 945
F 191 219
F 756 513
F 396 991
F 232 412
F 297 725
Q 876 871
Q 508 796
F 322 592
Q 589 80
Q 514 178
Q 222 344
Q 430 674
Q 125 874
Q 922 961
F 788 537
Q 725 878
F 733 954
Q 626 756
F 104 529
Q 404 614
Q 259 471
Q 575 871
Q 194 918
Q 933 297
F 298 467
F 582 377
Q 191 327
F 50 466
Q 153 505
Q 402 176
F 7 30
Q 33 673
F 258 942
F 994 837
Q 562 738
Q 841 852
Q 265 47
F 61 894
F 858 14
F 72 502
F 979 596
Q 775 798
F 599 349
F 587 232
Q 532 588
Q 423 712
F 170 484
Q 610 945
Q 93 448
Q 691 481
F 549 345
F 898 765
F 589 357
F 29 290
Q 862 181
Q 618 915
F 282 862
Q 204 445
F 182 996
F 250 984
Q 298 152
F 665 378
Q 120 254
Q 542 304
Q 941 548
Q 627 494
Q 757 772
F 100 877
Q 337 859
F 440 349
F 987 330
F 679 491
F 601 435
Q 567 269
Q 63 233
F 884 890
Q 628 650
Q 266 255
Q 320 432
Q 582 841
Q 707 689
F 517 482
Q 623 384
F 512 868
F 496 94
F 634 796
Q 299 188
Q 933 195
F 350 752
F 852 780
Q 59 533
F 704 483
F 549 425
Q 396 401
F 267 288
F 977 903
Q 467 560
Q 602 935
Q 435 131
F 194 753
Q 249 478
Q 875 616
F 427 934
F 489 558
F 172 271
Q 569 935
F 44 650
Q 567 932
F 974 127
Q 699 294
F 178 427
F 960 165
F 580 436
F 238 649
F 619 37
Q 289 813
Q 251 579
F 828 501
Q 692 236
F 270 480
F 862 682
Q 703 52
F 228 957
F 233 36
Q 538 350
Q 156 570
Q 520 982
F 339 846
F 133 598
F 247 693
Q 74 170
Q 195 141
F 330 224
Q 996 153
F 501 886
F 631 231
Q 988 815
Q 325 468
Q 709 177
Q 729 245
Q 139 125
F 3 510
Q 606 273
Q 869 367
F 747 971
F 148 47
F 778 847
Q 698 953
F 16 597
F 523 169
Q 951 974
Q 397 606
Q 292 937
Q 836 397
Q 165 913
F 121 186
F 170 964
Q 647 50
F 840 662
F 600 604
F 304 124
Q 927 487
F 636 928
F 815 369
Q 485 434
F 895 557
Q 9 296
Q 935 875
Q 902 212
F 840 433
F 136 757
F 971 857
F 652 554
Q 189 604
Q 265 442
F 171 482
Q 750 974
F 628 715
F 769 612
Q 314 294
Q 282 974
Q 412 619
F 865 427
Q 65 7
F 688 279
Q 412 671
Q 836 349
Q 786 719
Q 610 772
Q 505 928
F 194 956
Q 145 386
Q 404 46
Q 600 273
F 266 900
Q 985 309
Q 818 286
F 741 613
Q 474 320
F 259 133
F 581 599
Q 431 500
F 647 18
F 801 35
F 378 271
F 933 152
Q 455 1
F 181 391
F 548 358
Q 112 159
Q 358 118
Q 802 696
F 700 572
F 934 189
F 324 684
Q 318 315
Q 376 747
Q 910 906
Q 841 989
F 184 710
F 311 806
Q 252 840
F 431 769
Q 326 541
F 703 465
F 802 838
Q 821 942
F 333 840
F 378 796
F 95 942
F 706 275
Q 679 676
Q 203 732
F 80 522
F 163 656
F 338 290
Q 369 853
F 234 538
Q 418 914
F 309 66
Q 952 832
F 447 310
F 954 146
F 143 410
F 759 903
Q 475 849
F 54 507
F 100 279
F 711 91
Q 91 321
Q 213 807
Q 889 179
F 239 555
F 655 214
F 504 831
F 265 124
Q 597 91
F 167 334
F 613 219
F 975 435
F 836 489
F 189 118
F 238 513
Q 45 9
Q 60 291
F 486 808
F 904 284
F 419 104
Q 440 92
F 894 911
Q 288 903
F 449 751
F 796 34
Q 810 880
F 871 421
Q 192 346
F 770 408
F 853 688
Q 155 567
F 234 418
Q 354 239
F 600 496
Q 484 638
F 613 809
F 515 741
Q 56 102
Q 219 626
F 715 157
Q 578 787
F 908 384
F 743 385
F 568 236
F 745 984
F 431 558
Q 52 87
F 323 447
F 94 697
Q 418 68
Q 324 432
Q 734 23
Q 388 314
F 557 163
Q 385 487
F 226 673
F 516 502
F 554 366
Q 143 425
F 199 281
F 235 290
F 95 807
Q 778 39
Q 688 968
Q 446 76
Q 81 828
F 160 726
F 994 917
F 58 569
F 665 557
Q 339 291
Q 772 436
Q 356 420
Q 688 352
F 872 565
F 714 946
Q 372 170
Q 26 510
Q 158 493
F 405 807
F 253 521
Q 717 298
F 870 183
Q 654 769
F 465 678
F 20 152
F 340 105
F 987 229
F 501 792
Q 704 107
Q 689 554
Q 810 611
Q 312 683
F 87 778
F 395 621
F 632 207
Q 782 877
F 241 559
Q 357 327
F 226 305
Q 655 699
Q 158 961
F 276 807
Q 542 399
Q 777 482
F 688 917
F 916 530
F 554 572
Q 620 61
F 861 708
Q 675 571
Q 614 162
F 507 47
F 725 927
Q 423 182
F 17 251
F 801 176
F 806 571
Q 701 846
Q 622 4
F 131 931
Q 469 97
Q 293 420
F 972 456
F 102 388
F 372 933
F 222 520
F 807 941
Q 325 354
Q 667 641
F 845 457
F 43 560
F 878 425
Q 12 330
Q 804 475
F 615 391
Q 887 180
F 404 319
F 830 849
Q 484 185
F 746 870
Q 463 675
Q 473 671
Q 429 432
Q 832 905
F 17 894
F 654 32
F 784 347
Q 550 461
Q 399 991
Q 182 142
F 322 597
F 932 415
Q 605 760
Q 855 138
F 863 697
F 66 142
F 642 591
Q 71 822
Q 960 300
F 949 736
Q 678 672
Q 364 861
F 709 246
Q 397 489
Q 625 37
Q 235 556
Q 635 244
F 9 832
F 898 94
F 239 512
F 184 195
Q 518 719
F 169 809
F 59 46
F 477 36
Q 416 67
Q 433 505
Q 86 207
Q 977 711
F 966 852
F 182 779
F 426 367
F 496 813
Q 948 922
F 60 991
F 449 401
F 338 388
F 492 106
Q 369 637
Q 839 248
Q 462 881
Q 689 67
Q 359 943
Q 151 529
Q 821 47
F 691 221
Q 916 589
F 1 127
Q 94 489
Q 935 861
Q 36 653
Q 655 280
Q 728 4
F 429 146
F 169 841
F 528 971
Q 680 115
F 164 788
F 710 554
Q 491 866
Q 861 354
F 712 461
Q 350 636
F 75 142
Q 673 687
F 711 533
F 348 994
Q 901 989
Q 991 211
Q 584 850
Q 271 1
F 644 353
Q 730 266
F 924 542
Q 228 794
Q 245 80
F 344 931
F 563 868
Q 640 139
F 287 925
F 339 851
F 703 298
Q 123 351
F 885 733
Q 420 461
F 797 941
F 472 597
Q 750 484
F 44 391
Q 811 954
Q 747 47
Q 366 853
Q 376 55
Q 481 170
Q 849 379
F 160 14
Q 810 749
Q 156 940
Q 305 511
F 336 950
Q 149 219
Q 504 529
F 655 220
Q 470 76
Q 353 404
Q 502 801
Q 159 957
Q 780 911
Q 820 229
Q 215 783
F 150 884
Q 292 532
Q 871 439
Q 212 791
Q 540 511
Q 830 607
F 988 620
F 366 564
F 173 562
Q 952 17
Q 850 855
Q 608 874
Q 228 456
Q 490 16
Q 58 606
Q 733 217
Q 66 958
F 950 939
Q 27 316
Q 212 891
F 266 271
Q 479 183
F 730 146
Q 457 924
F 430 551
Q 864 591
F 452 651
F 918 80
F 730 327
Q 259 440
F 693 260
Q 399 352
Q 129 387
Q 844 221
F 203 121
F 736 19
Q 26 602
F 624 98
F 626 780
F 744 504
Q 65 438
F 75 295
Q 555 671
F 362 356
F 963 686
F 854 398
F 523 538
Q 769 806
Q 264 229
Q 537 389
Q 798 894
F 111 741
Q 103 100
Q 185 321
Q 6 834
Q 516 446
Q 762 766
F 596 252
Q 266 992
F 832 328
F 458 705
F 238 76
F 479 458
F 692 839
F 963 806
F 14 782
Q 132 931
F 620 223
Q 644 574
F 319 274
F 267 372
F 483 190
Q 104 690
F 299 831
Q 696 491
F 531 637
F 280 155
Q 781 550
F 616 423
F 850 137
Q 53 936
F 819 199
F 799 636
F 482 367
Q 499 459
Q 658 805
F 663 660
F 222 339
Q 32 407
F 987 846
F 692 890
F 120 517
F 927 111
Q 827 135
F 965 443
F 214 686
Q 600 85
Q 2 22
Q 89 424
F 756 802
F 842 806
F 444 283
Q 765 36
Q 274 461
F 937 447
F 28 655
Q 113 610
F 459 817
F 262 361
F 476 545
Q 784 718
Q 118 38
Q 933 799
Q 3 54
F 214 345
F 16 555
F 486 175
Q 380 982
F 340 294
F 733 725
Q 614 748
F 440 684
Q 611 363
F 631 488
Q 952 109
F 591 662
F 73 9
Q 772 123
Q 853 546
F 808 434
Q 559 991
Q 248 803
Q 251 384
F 271 54
F 714 162
F 737 43
F 350 816
F 792 973
F 729 909
F 290 145
Q 765 614
Q 754 612
Q 524 837
Q 465 551
F 389 484
F 925 168
Q 325 816
Q 220 717
F 922 694
Q 739 266
F 765 789
Q 992 0
F 630 794
Q 444 344
Q 367 92
Q 885 417
F 707 394
Q 231 76
F 961 929
F 456 719
Q 167 440
Q 313 612
Q 609 169
Q 728 334
F 859 965
Q 933 734
F 132 141
Q 931 70
Q 660 737
F 504 342
F 115 537
Q 744 305
F 797 786
Q 420 774
F 733 796
Q 823 933
Q 217 970
Q 840 226
Q 448 663
F 451 487
Q 228 989
F 639 110
F 821 845
F 737 438
F 626 829
Q 247 103
Q 87 188
F 640 307
F 562 238
Q 805 831
Q 504 537
Q 376 36
Q 386 693
Q 360 401
Q 819 910
F 411 94
Q 770 216
Q 673 188
F 288 796
F 389 540
Q 815 212
Q 779 322
Q 120 771
F 240 113
Q 473 526
F 130 581
F 809 650
F 394 847
F 215 473
Q 143 907
F 36 715
F 227 219
Q 865 390
F 913 899
F 217 148
F 456 300
