991 999
0 )
0 )
2 (
3 (
0 (
1 )
6 )
7 (
7 )
5 )
6 (
1 )
10 )
7 )
6 )
3 (
15 )
7 )
15 (
2 (
11 )
3 )
9 (
14 )
13 (
20 (
24 )
21 )
10 (
11 (
7 )
25 )
24 (
7 (
26 )
21 )
19 )
16 (
11 )
20 (
5 )
3 )
14 (
6 )
11 (
35 (
17 (
1 (
27 (
27 )
47 )
37 )
7 (
9 )
15 (
17 )
3 )
53 (
27 )
52 (
33 (
13 (
35 (
20 )
17 )
62 )
20 (
2 )
24 (
45 (
43 )
20 )
65 (
3 (
47 (
54 )
1 )
36 )
51 )
25 )
64 )
26 )
7 (
63 )
69 (
26 (
43 )
69 )
52 (
23 (
47 )
36 )
5 )
89 (
86 )
57 (
56 (
51 (
20 (
85 (
18 (
10 )
101 )
93 (
92 (
24 )
88 (
79 )
58 )
3 (
14 (
91 )
67 )
15 )
4 (
71 )
5 (
108 (
53 )
28 )
61 )
92 )
75 (
83 )
101 )
51 )
88 )
73 (
50 )
80 )
19 )
54 )
79 (
80 (
75 (
49 )
61 )
122 )
79 )
131 (
28 )
66 (
38 (
72 (
85 (
67 )
120 (
146 )
54 (
27 (
123 (
77 )
146 )
26 (
112 )
136 )
59 )
47 (
34 (
66 (
136 )
121 (
94 )
106 (
109 (
79 )
25 )
80 )
2 )
12 )
90 (
73 )
33 (
147 (
161 (
47 )
80 (
60 (
35 (
122 )
177 (
152 )
64 )
177 (
46 )
54 )
129 (
147 )
26 (
47 )
48 (
102 (
192 )
189 (
29 )
176 (
13 )
71 )
154 (
144 )
133 )
23 (
83 )
93 (
156 (
161 (
63 (
192 )
70 (
134 )
21 (
61 (
80 )
1 )
141 (
134 )
87 )
25 )
31 )
164 )
80 (
114 (
59 )
148 )
197 )
113 (
57 )
80 )
114 )
120 (
83 )
51 )
8 )
146 (
130 (
108 )
20 )
137 (
134 (
75 (
161 (
120 (
128 (
219 )
124 (
152 (
153 (
62 (
208 )
120 (
181 (
120 )
128 )
29 )
254 )
141 )
179 (
91 (
66 (
102 )
176 (
232 (
10 )
96 )
179 (
100 )
201 (
193 )
253 (
241 )
235 )
225 (
33 )
47 )
29 )
214 (
165 )
244 )
163 )
241 )
142 (
145 (
53 (
210 (
227 )
220 )
104 (
16 (
54 (
210 )
72 )
226 (
202 (
1 )
120 )
168 )
140 )
136 (
88 (
88 )
168 )
213 (
186 (
33 (
35 (
101 )
103 (
96 )
124 (
168 )
95 )
293 )
173 )
172 (
212 (
58 )
210 (
300 )
161 )
125 )
194 )
319 )
145 (
321 (
302 )
152 )
304 )
313 (
50 (
117 )
94 (
297 )
152 )
270 )
140 )
11 (
305 )
268 )
260 )
55 )
223 (
224 (
137 (
28 )
170 (
277 )
184 )
33 (
198 (
311 )
221 (
20 )
0 (
14 (
153 )
58 )
80 )
241 (
330 )
61 )
27 )
79 )
3 (
61 )
360 )
345 (
126 )
351 )
83 (
201 )
13 )
258 )
24 (
244 (
298 (
253 )
43 (
173 )
352 )
338 )
11 (
381 (
198 (
53 )
217 (
69 (
357 )
126 (
272 )
41 )
91 (
291 )
344 (
116 )
178 )
51 )
221 )
100 (
193 (
190 (
393 (
169 )
90 (
142 )
340 (
323 (
267 )
240 (
1 )
303 (
217 (
272 )
122 (
410 (
155 (
129 )
296 (
391 )
123 )
379 )
126 )
389 (
351 )
283 (
423 (
253 )
175 (
331 (
51 )
37 )
343 (
359 )
267 (
150 (
305 (
149 )
196 (
40 )
284 (
293 (
381 )
115 (
22 )
286 )
346 (
248 )
264 (
343 )
281 (
218 )
117 )
191 )
78 (
97 (
279 (
102 (
158 (
402 )
146 )
181 )
391 )
223 (
433 )
426 (
61 (
284 )
437 (
210 (
242 )
121 )
342 )
117 )
240 )
365 )
81 (
469 )
476 )
229 (
51 (
23 )
23 (
396 )
191 )
45 )
180 (
247 (
79 )
19 (
351 (
224 (
145 (
454 )
416 (
267 (
423 )
39 (
461 (
152 (
351 )
41 )
266 (
250 (
17 )
423 (
93 (
392 )
194 (
323 (
352 (
302 (
138 )
98 (
382 (
409 )
289 (
193 )
470 )
178 (
60 )
410 (
364 )
26 (
332 (
109 (
352 )
209 )
68 (
303 (
182 )
463 )
399 (
362 (
366 )
530 (
111 (
363 (
126 (
215 )
363 (
71 (
20 )
171 (
460 (
343 )
29 )
279 (
12 )
332 )
96 )
280 (
177 )
83 )
73 (
284 )
457 (
426 (
79 )
305 )
528 )
385 (
372 )
41 )
55 )
66 )
57 (
296 )
336 (
545 )
463 )
292 )
195 (
285 )
44 (
462 (
277 )
374 (
46 (
202 (
151 (
132 )
266 (
27 (
154 )
39 (
192 )
106 )
95 (
77 (
363 (
470 (
436 (
109 (
65 (
127 )
585 (
524 )
549 (
244 )
334 )
106 )
182 (
380 )
152 (
281 )
414 (
340 (
200 (
383 (
50 )
533 )
139 )
287 (
463 (
135 )
135 )
84 )
83 (
229 (
608 )
51 (
376 (
390 (
211 )
147 )
494 (
375 )
139 )
356 )
14 (
399 (
179 )
437 )
437 (
205 (
35 (
264 (
629 (
336 (
220 (
466 )
336 )
62 )
73 )
333 )
192 (
434 (
520 (
356 (
471 )
0 (
204 )
226 )
433 (
390 )
629 )
308 (
623 )
233 )
336 )
434 )
323 (
577 )
372 (
194 (
516 )
607 )
223 )
489 (
612 (
218 )
343 )
336 )
546 (
322 (
10 )
544 (
377 (
190 (
105 )
671 )
671 )
3 (
523 (
560 (
666 (
337 )
383 )
255 )
351 )
502 (
622 )
27 )
428 (
68 )
13 )
650 )
673 )
232 (
406 (
8 (
91 )
523 (
307 )
632 (
131 (
545 (
20 )
166 (
71 (
388 )
700 (
459 )
148 )
288 (
145 )
361 )
336 )
196 )
487 )
20 (
272 )
217 )
721 )
486 (
535 )
123 (
554 (
643 )
281 )
400 )
83 )
650 (
157 )
96 )
361 (
330 (
92 (
223 (
544 )
310 (
378 )
236 )
397 )
578 )
434 (
666 )
235 )
291 (
257 (
254 (
728 )
531 (
331 (
492 (
328 (
419 )
566 (
603 )
64 (
727 )
14 (
127 )
407 )
682 (
337 (
681 )
170 (
327 )
645 )
714 (
646 (
300 (
674 (
123 )
470 )
51 (
188 (
747 (
596 (
732 (
387 )
80 (
293 (
141 (
138 (
779 )
429 (
282 (
329 )
480 (
678 )
421 (
673 (
388 )
93 )
216 )
641 )
526 (
526 )
206 (
140 (
248 )
504 (
249 (
268 )
398 )
67 )
310 (
156 )
583 )
59 (
363 (
89 (
429 )
516 )
1 (
319 )
221 )
308 )
504 )
315 (
196 )
485 )
374 (
143 )
251 )
746 )
664 (
405 )
363 (
678 (
127 )
655 )
227 )
720 )
24 (
214 )
703 (
102 )
764 )
24 (
640 (
182 (
489 (
383 (
547 (
629 (
719 (
816 (
803 )
505 )
60 )
215 (
235 )
419 (
25 (
260 (
172 (
821 )
18 )
42 (
541 )
135 (
26 )
172 (
650 (
512 )
313 )
122 )
800 (
457 )
188 (
420 )
728 (
88 )
124 (
562 )
462 )
2 (
583 )
617 )
433 )
369 (
450 )
240 (
821 )
757 (
550 (
759 (
398 (
314 (
819 )
384 (
679 )
164 )
511 (
217 )
601 (
466 (
832 (
837 )
515 )
358 (
782 )
255 )
99 (
125 )
358 )
111 )
711 )
639 )
586 (
627 )
327 )
374 (
770 )
139 (
688 )
570 )
341 (
403 )
842 )
725 (
238 (
245 )
203 (
427 )
367 (
463 )
339 )
514 (
57 )
773 )
407 )
877 )
82 )
48 (
936 (
828 (
750 )
47 (
263 )
902 )
199 )
115 )
568 (
771 (
437 )
450 (
161 )
931 (
134 )
676 )
636 (
764 )
743 (
105 )
452 )
255 )
841 )
503 )
320 )
457 (
845 )
805 )
41 (
753 (
513 )
581 (
394 (
398 (
793 )
937 (
618 )
476 (
830 (
174 )
175 )
217 (
938 (
248 )
684 (
978 )
122 (
708 (
75 (
364 )
739 (
687 (
588 (
Q 161 389
Q 884 579
F 879 972
Q 138 476
Q 140 145
Q 940 669
Q 880 522
Q 761 675
Q 594 171
F 675 902
Q 154 668
F 165 433
Q 332 943
F 103 769
Q 367 926
Q 371 803
Q 780 42
Q 375 149
Q 671 58
F 354 572
F 931 910
Q 546 684
F 609 314
Q 629 35
Q 565 150
F 272 532
Q 805 502
F 589 525
F 584 15
Q 73 335
Q 942 277
Q 132 379
F 836 62
F 356 471
F 129 639
F 941 433
Q 148 75
F 368 202
F 801 340
Q 562 824
Q 482 50
F 253 628
Q 917 232
Q 589 561
Q 657 596
F 140 370
F 533 15
F 388 845
F 965 279
Q 948 597
Q 351 91
F 958 979
Q 657 400
F 7 276
F 41 460
Q 364 793
F 652 621
Q 810 232
Q 108 643
Q 824 524
Q 517 532
Q 389 202
F 255 91
Q 229 417
F 307 159
F 630 540
F 103 768
F 798 1
Q 205 13
Q 234 621
F 964 664
Q 440 438
Q 561 397
Q 721 881
Q 365 361
Q 219 930
F 888 700
Q 928 658
F 723 746
F 497 499
F 255 421
Q 913 757
Q 332 885
F 823 825
F 459 976
Q 838 797
F 530 365
F 456 151
Q 873 678
F 310 17
F 961 353
Q 492 738
Q 118 938
Q 45 889
F 69 510
Q 313 36
Q 450 847
F 48 578
F 673 631
F 516 907
Q 149 101
F 575 40
Q 59 672
F 459 299
Q 74 51
F 686 449
F 38 534
F 360 588
F 182 68
F 732 815
Q 259 957
Q 242 394
F 291 76
Q 888 901
F 117 115
F 775 458
Q 87 426
Q 355 704
Q 592 669
Q 42 117
F 517 330
Q 96 719
F 881 484
Q 174 338
Q 990 941
F 42 602
Q 303 427
Q 976 646
F 680 159
F 905 393
Q 424 618
Q 413 629
Q 337 267
Q 361 294
Q 448 47
Q 929 930
F 531 98
F 549 512
F 897 874
F 201 689
F 141 562
F 287 74
F 639 915
F 730 575
Q 150 573
Q 668 581
Q 877 463
F 212 258
Q 106 973
F 42 397
Q 561 975
Q 151 685
Q 618 466
Q 760 716
F 940 709
F 850 449
F 184 773
F 946 495
Q 986 405
F 970 828
F 699 187
F 115 388
Q 331 917
Q 916 297
F 437 890
Q 602 57
F 955 135
F 245 854
F 512 635
Q 282 923
Q 445 930
F 146 974
Q 203 891
Q 257 155
Q 672 601
F 23 767
Q 579 521
F 90 824
Q 631 262
F 204 274
F 335 397
Q 554 962
Q 84 611
Q 422 951
F 138 950
Q 921 370
Q 836 650
Q 214 497
F 870 832
F 303 631
F 343 105
F 585 886
F 340 731
F 789 267
Q 219 393
F 503 372
F 381 51
Q 727 312
Q 684 79
F 285 893
Q 628 134
Q 380 638
F 146 13
F 990 987
F 744 760
Q 481 982
Q 970 265
F 810 906
F 713 214
Q 385 38
Q 722 104
Q 583 156
Q 827 138
F 933 928
Q 859 473
Q 451 191
F 287 526
F 958 808
Q 909 961
F 664 228
Q 17 130
Q 837 386
F 884 35
Q 170 577
Q 527 458
F 835 695
Q 607 619
F 667 643
Q 112 257
Q 977 764
Q 581 140
Q 313 445
Q 80 258
F 139 660
F 604 367
Q 796 547
Q 426 320
Q 512 224
F 707 863
F 900 327
F 87 321
F 274 86
F 689 321
F 421 510
F 361 977
Q 935 931
F 906 124
F 489 978
Q 982 212
F 926 403
F 588 420
F 404 221
F 476 763
F 749 175
Q 912 547
Q 238 25
Q 989 853
F 34 152
F 599 12
F 648 213
Q 636 796
F 225 518
F 658 550
Q 405 770
F 790 431
F 581 32
Q 212 167
Q 434 323
F 21 443
Q 363 3
F 286 517
F 846 836
Q 604 568
Q 514 577
F 56 536
Q 702 822
Q 608 455
Q 194 771
F 513 324
Q 974 980
Q 433 714
Q 211 692
F 196 670
F 888 964
F 382 327
Q 969 697
Q 803 925
F 112 584
F 104 221
Q 203 128
F 51 276
F 294 743
F 590 749
F 482 645
F 511 974
Q 777 753
Q 642 895
F 511 139
Q 648 86
F 249 678
Q 171 670
Q 100 620
F 176 388
Q 984 852
F 76 361
Q 251 965
Q 137 202
F 40 866
Q 485 722
Q 157 596
Q 860 716
F 930 339
Q 474 869
Q 987 854
F 102 13
F 911 885
Q 195 502
Q 608 713
Q 280 184
F 105 946
F 707 35
Q 938 783
Q 238 834
Q 711 791
F 293 780
Q 681 888
Q 521 47
F 867 404
F 832 347
F 239 778
Q 354 35
Q 746 307
Q 11 592
F 781 691
F 119 888
F 606 504
Q 436 651
Q 898 619
Q 990 187
F 833 590
Q 838 268
Q 103 447
Q 739 885
F 797 704
F 622 833
F 333 773
F 32 681
F 689 385
Q 199 764
Q 786 839
Q 650 341
F 48 350
Q 702 640
F 184 52
Q 967 122
F 728 887
F 404 831
Q 671 4
Q 241 588
F 446 276
F 141 877
Q 445 920
F 933 174
Q 496 441
Q 451 894
Q 72 588
F 159 484
Q 329 319
Q 141 854
Q 716 81
F 245 253
F 824 346
Q 495 866
F 73 253
F 289 877
Q 716 108
Q 387 269
F 1 985
Q 968 654
F 516 571
Q 932 678
Q 578 240
F 492 308
F 701 723
Q 42 242
F 814 503
F 715 212
Q 490 848
F 493 760
F 212 395
F 181 309
Q 920 857
Q 61 147
F 26 728
F 176 438
F 385 179
F 707 523
F 120 141
Q 160 763
F 702 436
Q 493 705
F 270 653
F 87 642
F 487 315
Q 16 43
F 116 747
F 311 547
Q 102 215
Q 495 832
F 550 548
Q 275 923
Q 425 527
F 723 934
Q 304 465
Q 683 740
Q 534 273
Q 506 89
Q 274 57
F 743 689
F 517 856
F 968 483
F 499 54
F 167 821
F 602 685
Q 745 125
Q 212 6
Q 563 927
F 877 979
F 28 384
Q 269 207
F 213 143
F 11 621
Q 703 793
F 696 241
F 955 915
Q 161 4
F 27 883
Q 47 284
F 692 795
Q 358 262
Q 457 468
F 229 909
F 514 709
F 960 542
F 420 175
Q 540 37
F 498 794
F 453 593
Q 454 709
Q 257 18
F 562 88
F 875 251
Q 755 521
F 778 422
F 886 354
Q 165 808
F 67 183
F 640 43
F 904 398
F 879 547
Q 275 1
Q 86 606
Q 34 973
F 698 261
Q 299 449
Q 690 270
F 340 806
Q 605 114
Q 176 575
Q 766 224
F 562 576
F 402 527
F 249 128
F 461 865
F 62 129
Q 479 111
Q 133 48
F 394 175
Q 164 819
Q 22 201
Q 8 73
Q 818 808
Q 950 521
Q 425 755
F 871 133
F 889 904
Q 800 743
Q 691 934
F 460 527
F 440 568
F 229 39
Q 688 208
F 89 136
Q 426 721
F 921 517
F 496 33
F 101 727
F 55 477
F 59 809
F 959 209
F 398 257
F 959 842
Q 561 884
Q 570 374
F 625 8
Q 851 168
Q 863 386
Q 165 951
F 90 799
Q 880 229
Q 28 757
F 196 286
F 153 36
Q 646 684
Q 752 644
Q 96 911
Q 560 700
Q 946 915
Q 717 827
Q 775 567
Q 98 511
F 618 474
Q 897 655
Q 261 450
Q 556 673
Q 670 123
F 491 989
F 981 400
F 550 720
F 398 848
Q 805 393
Q 764 752
Q 400 739
F 781 861
Q 523 157
F 140 517
Q 744 139
F 374 157
Q 957 83
F 235 360
F 940 215
F 705 889
F 468 621
Q 373 617
Q 657 498
F 119 7
F 374 701
F 654 167
Q 496 17
F 940 862
F 966 928
Q 14 529
F 479 131
F 958 764
Q 488 511
F 35 912
Q 892 799
Q 502 754
F 957 774
Q 612 454
Q 788 126
Q 507 776
F 81 950
Q 774 99
Q 303 782
F 309 382
F 531 783
Q 136 938
F 17 227
Q 385 549
Q 310 504
F 671 360
F 755 806
F 378 494
F 218 816
Q 414 358
F 422 689
Q 490 912
Q 840 164
F 84 461
F 68 940
Q 327 877
Q 696 153
Q 17 823
Q 964 945
F 189 642
F 840 80
Q 728 968
F 510 658
F 689 413
F 31 734
F 72 935
Q 321 699
Q 705 496
Q 871 160
F 813 488
F 916 904
F 189 877
Q 550 893
F 497 350
F 900 752
Q 245 440
Q 983 913
Q 36 704
Q 112 657
F 754 21
Q 821 228
Q 786 299
Q 464 461
F 251 9
F 985 629
Q 767 107
F 788 914
F 347 112
Q 970 730
F 883 727
Q 38 648
Q 510 921
F 836 780
Q 382 605
F 574 585
Q 784 440
F 180 624
Q 370 110
F 84 798
Q 194 290
Q 547 245
F 274 808
F 7 26
F 450 394
Q 600 28
F 172 680
Q 414 791
F 824 108
F 213 224
Q 124 726
F 837 931
F 949 711
Q 809 779
Q 186 976
Q 824 567
Q 159 235
F 184 33
F 966 444
Q 300 863
F 636 470
F 36 415
Q 226 440
F 344 852
F 303 675
Q 984 108
F 82 417
Q 490 577
F 921 486
Q 274 96
F 78 656
F 325 838
F 69 196
F 634 873
Q 106 183
Q 106 793
Q 70 613
Q 836 833
F 676 522
Q 891 824
F 464 103
F 462 220
F 825 155
F 701 522
F 135 314
F 211 779
F 145 43
Q 493 479
F 826 427
F 612 792
Q 849 92
Q 521 94
F 779 735
F 745 731
F 893 392
F 843 825
Q 353 475
Q 17 172
F 398 274
Q 4 374
Q 889 242
F 798 501
F 524 865
F 49 986
Q 401 298
F 666 229
Q 877 240
Q 784 932
F 502 631
Q 311 720
F 564 137
Q 887 703
Q 758 386
Q 734 821
Q 79 556
Q 461 679
F 432 866
Q 96 116
Q 689 337
Q 843 322
F 534 200
F 582 793
Q 869 345
F 474 108
F 603 125
F 913 166
Q 445 428
Q 640 900
F 983 229
Q 556 706
F 853 206
F 392 736
Q 141 447
Q 69 267
F 509 129
F 659 565
Q 179 692
Q 801 279
F 325 235
F 59 279
Q 175 96
Q 518 433
Q 917 691
F 460 301
Q 704 14
Q 336 595
F 926 923
F 593 335
Q 668 40
F 218 138
F 333 634
F 707 873
F 631 869
F 665 347
Q 861 526
Q 659 148
F 363 101
Q 714 791
Q 221 907
Q 404 141
F 742 40
F 355 554
Q 183 539
Q 905 47
Q 915 88
Q 114 352
F 720 235
Q 610 449
Q 918 773
Q 245 889
Q 598 190
Q 287 14
Q 863 96
Q 119 455
Q 395 27
F 148 867
F 458 848
F 661 459
F 953 210
Q 778 273
F 103 549
F 93 221
Q 538 328
F 606 76
Q 717 621
Q 584 955
Q 95 252
F 851 457
Q 359 725
Q 8 106
F 659 251
F 975 795
F 891 37
F 947 226
Q 752 566
F 213 426
Q 872 643
F 455 622
Q 849 621
F 822 115
F 548 759
F 822 613
F 975 204
Q 893 887
F 130 582
F 825 107
F 292 643
Q 123 387
Q 52 511
F 181 697
Q 888 235
F 893 403
Q 982 66
F 857 785
Q 865 4
Q 827 474
Q 33 906
F 452 836
Q 724 926
Q 100 61
Q 849 644
F 64 154
Q 419 407
Q 376 50
F 175 168
Q 121 310
F 937 427
F 486 635
Q 368 885
F 880 590
Q 627 570
Q 554 952
F 844 235
Q 518 274
Q 900 885
F 731 289
F 444 468
Q 521 176
Q 650 627
F 401 439
F 939 400
F 418 500
Q 936 877
F 267 61
Q 423 255
F 440 43
F 266 352
F 802 766
F 298 905
Q 19 140
F 222 96
Q 541 369
F 523 480
Q 989 389
Q 627 124
F 444 842
F 665 824
F 714 657
Q 415 281
F 769 931
F 737 681
F 568 136
F 282 618
F 735 381
F 967 548
F 401 162
Q 275 263
F 527 669
F 904 552
F 548 983
Q 885 922
F 870 711
F 721 488
F 67 174
F 807 38
F 927 613
Q 412 476
F 904 940
F 983 164
F 7 534
Q 249 200
F 238 644
Q 288 703
Q 87 765
F 904 491
Q 347 252
Q 384 904
F 565 908
Q 493 147
F 904 984
Q 570 924
F 330 242
Q 198 818
Q 421 456
Q 703 919
F 569 855
F 858 612
Q 521 245
Q 290 734
F 866 200
Q 117 209
F 48 765
Q 372 563
Q 808 327
Q 399 787
Q 799 824
F 112 441
F 658 717
Q 15 784
Q 917 737
Q 744 491
F 833 267
F 52 742
F 122 583
F 292 492
Q 318 774
Q 432 950
F 52 856
F 583 432
Q 787 728
Q 106 28
Q 66 565
F 183 582
F 192 565
F 599 880
Q 531 858
Q 523 421
F 36 57
F 402 932
Q 353 916
Q 621 566
Q 90 397
Q 756 431
F 686 831
F 409 50
Q 721 44
Q 92 879
Q 891 265
Q 492 636
Q 825 210
F 252 518
Q 52 414
F 313 10
F 454 388
Q 894 555
F 810 855
F 655 811
Q 148 252
F 779 805
F 548 434
F 289 67
Q 872 744
Q 954 265
F 658 509
Q 694 436
F 376 451
Q 44 87
F 241 829
F 851 812
Q 963 515
F 901 93
F 235 609
F 903 258
Q 815 690
Q 592 36
Q 553 505
Q 970 772
F 762 644
Q 119 946
F 789 960
F 684 158
Q 756 153
F 171 3
F 380 660
Q 515 422
Q 174 245
Q 947 871
Q 229 491
F 916 154
Q 623 779
F 526 707
Q 666 145
Q 475 746
Q 847 565
Q 244 242
F 317 527
Q 753 111
Q 933 860
Q 576 855
F 431 695
F 953 470
F 574 473
F 237 543
F 450 15
Q 749 831
Q 926 739
F 299 187
F 496 904
Q 979 621
Q 521 396
Q 834 383
F 800 737
F 384 533
F 67 706
F 587 296
Q 742 923
Q 613 676
Q 153 847
Q 154 117
F 21 946
Q 703 866
F 27 654
Q 137 161
Q 103 62
