998 1000
0 (
0 )
0 (
3 )
0 )
5 )
6 )
7 (
8 (
9 (
10 )
11 )
12 (
13 )
14 (
15 )
16 (
17 )
18 (
0 (
20 (
21 (
22 (
23 (
24 )
25 (
26 (
27 (
28 (
29 (
30 )
31 )
32 (
33 )
34 (
35 )
36 (
37 (
38 )
39 )
40 (
41 )
42 (
0 )
44 )
45 )
46 )
47 )
48 (
49 )
50 )
51 )
52 (
53 (
54 )
0 (
56 )
57 )
58 (
59 )
60 )
61 (
62 )
63 (
64 )
65 )
66 (
67 (
68 )
69 (
70 )
71 (
72 )
73 (
74 )
75 (
76 )
77 )
78 )
79 (
80 (
81 )
82 (
83 )
84 (
85 (
86 (
87 )
88 (
89 (
90 (
91 )
92 )
93 (
94 (
95 )
96 )
97 )
98 (
99 )
100 (
101 (
102 )
103 )
104 )
105 )
106 )
107 (
108 (
109 )
110 )
111 )
112 (
113 )
114 )
115 (
116 (
117 )
118 (
119 )
120 )
121 )
122 )
123 (
124 (
125 )
126 )
127 (
128 (
129 )
130 (
131 )
132 )
133 )
134 (
135 (
136 )
137 (
138 )
139 )
140 (
141 )
142 )
143 )
144 )
145 (
146 )
147 (
148 )
149 (
150 )
151 (
152 (
153 )
154 (
0 (
156 )
157 )
158 (
159 )
160 (
161 (
162 )
163 )
164 )
165 )
166 )
167 (
168 (
169 (
170 )
171 (
172 (
173 (
174 )
175 (
176 (
177 )
178 (
179 (
180 )
181 (
182 )
183 (
184 (
185 )
186 (
187 )
188 (
189 (
190 (
191 )
192 (
193 )
194 (
195 (
196 (
197 )
198 (
199 (
200 (
201 (
202 )
203 (
204 )
205 )
206 (
207 (
208 )
209 (
210 (
211 )
212 (
213 (
214 (
215 (
216 )
217 )
218 )
219 )
220 (
221 )
222 (
223 )
224 (
225 (
226 )
227 (
228 )
229 )
230 )
231 (
232 )
233 (
234 (
235 )
236 )
237 (
238 )
239 (
240 (
241 )
242 )
243 )
244 )
245 )
246 (
247 (
248 )
249 )
250 )
251 (
252 (
253 )
254 (
255 (
256 )
257 )
258 (
259 )
260 )
261 )
262 )
263 (
0 (
265 )
266 )
267 )
268 (
269 (
270 (
271 )
272 (
273 )
274 )
275 (
276 )
277 )
278 )
279 (
280 (
281 (
282 )
283 )
284 (
285 (
286 (
287 (
288 (
289 )
290 (
291 (
292 )
293 (
294 )
295 )
296 (
297 (
298 (
299 (
300 )
301 (
302 )
303 )
304 (
305 (
306 (
307 (
308 )
309 (
310 (
311 )
312 (
313 )
314 )
315 (
316 (
317 (
318 )
319 )
320 )
321 )
322 )
323 )
324 (
325 )
326 )
327 (
328 )
329 )
330 (
331 (
332 )
333 (
334 )
335 (
336 (
337 (
338 )
339 )
340 )
341 )
342 )
343 (
344 )
345 (
346 (
347 (
348 (
349 (
350 )
351 (
352 (
353 )
354 )
355 )
356 )
357 (
358 )
359 )
360 )
361 (
362 )
363 )
364 )
365 (
366 )
367 )
368 )
369 )
370 (
371 )
372 )
373 (
374 )
375 )
376 (
377 )
378 (
379 )
380 )
381 )
382 (
383 )
384 (
385 )
386 (
387 )
388 )
389 (
390 (
391 (
392 )
393 )
394 )
395 )
396 (
397 (
398 )
399 )
400 )
401 )
402 )
0 )
404 )
405 (
406 (
407 )
408 )
409 )
410 )
411 )
412 (
413 )
414 (
415 )
416 (
417 (
418 (
419 )
420 (
421 )
422 (
423 (
424 (
425 )
426 )
427 )
428 )
429 )
0 (
431 (
432 (
433 (
434 )
435 )
436 (
437 (
438 (
439 (
440 )
441 (
442 )
443 (
444 (
445 (
446 )
447 (
448 (
449 )
450 )
451 )
452 (
453 )
454 (
455 )
456 (
457 )
458 (
459 (
460 )
461 (
462 (
463 (
464 (
465 )
466 )
467 )
468 )
469 (
470 (
471 (
472 (
473 (
474 (
475 (
476 )
477 )
478 )
479 (
480 (
481 (
482 (
483 )
484 (
485 )
486 )
487 )
488 )
489 )
490 (
491 (
492 (
493 )
494 )
495 (
496 )
497 (
498 )
499 (
500 (
501 (
502 )
503 )
504 (
505 )
506 (
507 )
508 )
509 )
510 )
511 )
512 (
513 (
514 (
515 (
516 )
517 (
518 (
519 (
520 (
521 (
522 )
523 )
524 )
525 )
526 (
527 )
528 )
529 (
530 (
531 )
532 (
533 )
534 (
535 )
536 )
537 )
538 (
539 (
540 )
541 (
542 )
543 )
544 )
545 )
546 )
547 )
548 )
549 )
550 (
551 (
552 (
553 (
554 (
555 (
556 (
557 )
558 (
559 (
560 )
561 (
562 (
563 (
564 )
565 )
566 )
567 (
568 )
569 (
570 (
571 )
572 )
573 (
574 (
575 (
576 (
577 )
578 )
579 )
580 (
581 )
582 (
583 )
584 )
585 )
586 (
587 (
588 )
589 )
590 )
591 (
592 )
593 (
594 )
595 )
596 )
597 )
598 (
599 )
600 (
601 )
602 )
603 (
604 (
605 (
606 )
607 )
608 (
609 )
610 )
611 (
612 )
613 )
614 )
615 (
616 )
617 (
618 )
619 )
620 )
621 )
622 )
623 (
624 )
625 (
626 (
627 )
628 )
629 (
630 )
631 (
632 )
633 )
634 )
635 (
636 (
637 )
638 (
639 (
640 )
641 (
642 )
643 (
644 (
645 (
646 )
647 (
648 )
649 (
650 )
651 )
652 )
653 )
654 (
655 )
656 (
657 (
658 (
659 )
660 (
661 )
662 )
663 )
664 (
665 (
666 (
667 (
668 )
669 )
670 )
671 (
672 )
673 (
674 (
675 (
676 (
677 (
678 (
679 )
680 (
681 (
682 )
683 )
684 )
685 (
686 (
687 )
688 )
689 )
690 (
691 )
692 )
693 )
694 )
695 )
696 (
697 (
698 (
699 (
700 )
701 (
702 )
703 )
704 )
705 )
706 )
707 (
708 (
709 (
710 )
711 )
712 (
713 (
714 (
715 (
716 )
717 )
718 )
719 (
720 (
721 (
722 )
723 (
724 (
725 )
726 )
727 )
728 )
729 (
730 )
731 )
732 (
733 )
734 (
735 (
736 )
737 (
738 (
739 )
740 (
741 (
742 )
743 )
744 )
745 (
746 (
747 (
748 (
749 (
750 (
751 )
752 )
753 (
754 (
755 (
756 )
757 (
758 (
759 )
760 )
761 )
762 )
763 (
764 (
765 )
766 (
767 (
768 (
769 (
770 )
771 (
772 (
773 (
774 (
775 )
776 (
777 (
778 )
779 )
780 )
781 (
782 )
783 )
784 )
785 )
786 (
787 )
788 (
789 (
790 (
791 (
792 (
793 )
794 )
795 )
796 (
797 (
798 )
799 (
800 )
801 )
802 )
803 )
804 )
805 )
806 (
807 (
808 (
809 )
810 (
811 (
812 (
813 (
814 (
815 (
816 )
817 )
818 )
819 (
820 (
821 )
822 )
823 (
824 (
825 (
826 )
827 (
828 (
829 (
830 )
831 )
832 (
833 )
834 (
835 (
836 (
837 (
838 (
839 )
840 )
841 (
842 (
843 (
844 )
845 (
846 (
847 )
848 )
849 )
850 (
851 (
852 (
853 (
854 )
855 )
856 )
857 )
858 (
859 )
860 )
861 (
862 (
863 (
864 )
865 (
866 )
867 (
868 )
869 )
870 )
871 (
872 )
873 )
874 )
875 )
876 )
877 (
878 (
879 (
880 (
881 )
882 )
883 )
884 (
885 )
886 (
887 )
888 (
889 (
890 (
891 )
892 (
893 )
894 )
895 )
896 )
897 (
898 )
899 )
900 (
901 )
902 )
903 )
904 )
905 )
906 )
907 )
908 )
909 (
910 (
911 )
912 (
913 (
914 (
915 )
916 )
917 )
918 (
919 (
920 )
921 (
922 )
923 )
924 )
925 )
926 (
927 )
928 (
929 )
930 )
931 )
932 (
933 (
934 (
935 )
936 (
937 (
938 )
939 )
940 )
941 )
942 (
943 )
944 )
945 )
946 (
947 )
948 )
949 )
950 (
951 (
952 )
953 (
954 )
955 )
956 (
957 (
958 (
959 )
960 )
961 (
962 (
963 (
964 (
965 (
966 )
967 )
968 (
969 (
970 (
971 (
972 )
973 (
974 )
975 )
976 (
977 (
978 (
979 (
980 (
981 )
982 (
983 (
984 (
985 (
986 (
987 (
988 )
989 )
990 (
991 )
992 )
993 )
994 )
995 (
996 (
F 619 987
Q 277 792
F 814 727
F 263 718
Q 510 761
F 303 811
F 308 162
F 903 739
Q 108 375
Q 872 495
Q 622 191
F 315 482
Q 807 373
Q 679 345
Q 356 580
Q 376 603
F 351 400
Q 693 540
F 353 690
F 37 752
F 632 634
Q 400 524
F 469 886
F 384 648
Q 820 454
Q 150 735
Q 849 940
F 45 233
F 374 647
Q 458 258
F 909 156
F 121 675
F 474 112
Q 895 304
Q 741 789
F 771 94
F 946 518
Q 486 787
F 24 437
Q 264 60
F 739 443
Q 434 136
Q 178 906
F 690 913
F 83 889
Q 345 250
F 980 160
F 40 717
Q 687 463
Q 16 504
F 695 831
F 816 444
F 604 525
F 683 419
Q 717 829
Q 281 373
Q 514 159
Q 669 277
F 501 822
Q 907 170
F 671 962
F 577 960
F 454 245
Q 427 165
Q 224 720
Q 765 299
Q 341 378
Q 513 302
F 693 992
F 172 741
F 647 326
F 616 671
F 97 542
F 522 434
Q 153 633
Q 120 400
Q 248 339
F 165 717
Q 879 531
Q 368 377
F 283 424
Q 176 319
Q 487 349
Q 2 336
Q 885 422
Q 129 776
F 779 245
F 416 808
F 990 775
F 790 443
Q 58 73
Q 428 353
F 201 375
F 821 291
F 283 438
F 152 858
Q 122 911
F 598 89
Q 605 984
Q 213 166
F 113 368
F 95 624
Q 161 437
Q 928 276
F 923 789
F 590 940
Q 842 852
F 881 803
Q 66 180
F 618 975
F 152 159
F 851 251
F 829 356
F 394 313
F 661 42
F 931 901
F 392 555
Q 123 582
F 931 292
F 197 150
F 166 969
F 483 775
F 117 369
F 509 145
Q 870 691
Q 768 861
F 0 64
F 210 480
F 946 133
Q 799 351
Q 161 228
F 468 222
F 888 856
F 182 508
F 118 714
Q 645 922
Q 490 26
F 624 920
F 886 986
Q 948 477
F 439 497
Q 180 672
Q 911 746
F 152 44
F 646 501
Q 302 90
Q 819 443
Q 605 553
Q 961 444
Q 159 672
F 191 886
Q 741 771
Q 461 313
F 315 333
F 839 300
Q 511 634
Q 835 523
F 646 524
Q 979 182
Q 696 763
Q 205 884
F 228 334
Q 942 496
F 115 577
F 901 779
F 16 988
Q 876 290
F 674 122
Q 442 137
F 803 754
Q 701 207
F 634 781
F 988 736
F 265 436
Q 657 799
Q 139 367
F 36 97
F 884 866
F 206 297
F 933 394
Q 708 400
Q 780 230
F 764 849
Q 411 251
Q 956 633
F 465 550
F 616 181
Q 834 338
F 698 73
F 218 363
F 491 500
Q 701 560
Q 728 15
Q 79 474
F 806 263
Q 574 796
Q 631 127
F 354 650
F 523 109
F 931 256
F 365 64
F 824 203
F 361 886
F 764 115
F 178 871
F 217 957
Q 583 663
Q 501 930
Q 35 827
F 578 473
F 962 534
F 783 207
F 587 966
F 121 462
Q 519 34
F 539 684
Q 197 632
Q 711 87
Q 574 74
Q 130 743
F 80 828
Q 843 37
Q 931 45
F 193 273
F 765 400
Q 655 435
Q 315 551
Q 451 974
F 666 84
Q 459 498
F 8 311
Q 512 326
Q 258 556
Q 145 142
F 67 574
F 964 695
Q 612 93
F 980 51
Q 455 676
F 945 483
Q 782 822
Q 435 258
F 629 496
F 136 743
F 939 770
Q 356 839
F 616 311
F 497 658
Q 638 869
F 251 52
Q 828 625
Q 98 489
Q 579 394
Q 819 622
F 589 67
F 764 309
F 928 996
Q 781 765
F 365 114
Q 899 789
Q 44 250
F 836 663
F 109 836
Q 977 827
Q 80 614
F 165 761
Q 81 980
F 790 910
Q 545 579
F 4 968
F 859 294
F 905 349
F 142 790
Q 584 511
F 231 436
F 445 103
Q 333 930
F 789 567
F 45 924
Q 314 391
F 383 140
Q 208 455
F 97 925
Q 55 808
Q 111 849
Q 232 870
F 476 74
Q 254 812
F 650 865
Q 579 276
Q 912 886
Q 643 623
F 384 265
Q 104 414
F 949 22
F 789 854
F 367 257
Q 621 713
Q 92 815
F 830 815
F 78 199
F 956 739
F 191 192
Q 53 143
Q 225 531
F 185 997
Q 864 405
F 624 170
Q 447 573
Q 343 997
F 681 332
Q 167 922
F 875 758
F 773 219
Q 167 61
Q 112 679
Q 660 147
Q 135 48
Q 158 846
F 841 613
F 895 67
Q 259 916
Q 972 447
F 945 839
F 650 479
F 857 349
F 808 843
Q 357 145
F 499 493
F 429 253
Q 114 834
F 697 460
Q 90 737
F 796 48
Q 150 847
F 621 997
Q 449 948
F 821 819
Q 300 727
Q 929 151
F 180 508
F 650 718
Q 313 770
Q 790 451
Q 75 997
F 70 116
F 782 787
F 410 464
Q 718 402
F 543 169
Q 775 409
Q 3 893
Q 941 248
F 722 157
Q 738 75
F 512 225
Q 957 263
F 868 617
Q 462 138
F 199 438
F 945 766
F 811 71
F 621 352
Q 198 459
Q 339 766
Q 591 258
F 721 606
F 135 165
F 414 835
Q 527 698
F 464 712
Q 341 745
F 25 890
Q 365 325
Q 84 60
Q 698 753
Q 501 829
Q 793 36
Q 770 505
F 464 804
Q 694 81
F 283 314
F 307 38
F 313 692
F 680 809
Q 148 449
F 953 283
F 732 32
F 831 74
Q 166 200
Q 699 124
F 606 985
F 319 662
Q 759 664
Q 907 464
Q 283 245
F 562 368
Q 833 630
Q 54 215
Q 818 736
F 875 454
Q 931 640
Q 491 499
Q 68 32
Q 502 420
Q 413 997
Q 124 236
Q 708 618
F 855 221
Q 397 181
Q 378 838
Q 769 875
F 522 82
F 208 830
F 465 978
Q 704 803
F 207 222
F 514 511
F 413 919
Q 625 834
Q 618 952
F 48 333
Q 747 210
F 885 719
F 120 186
F 351 223
F 115 406
Q 485 542
Q 896 911
F 727 353
F 549 411
Q 213 569
Q 713 545
Q 257 575
Q 775 52
Q 397 9
Q 922 886
Q 823 697
F 217 592
F 302 174
Q 372 578
Q 142 257
F 193 223
Q 275 122
Q 358 729
F 529 823
Q 783 836
Q 491 164
Q 318 335
F 293 868
Q 70 118
F 640 208
F 499 890
F 408 590
F 577 370
Q 591 946
Q 764 296
Q 36 192
F 551 55
Q 655 877
F 651 712
F 618 655
F 78 891
F 686 739
F 351 972
F 416 525
F 696 994
Q 264 959
F 42 975
F 138 878
Q 704 552
Q 512 422
F 312 920
Q 544 550
F 76 621
F 913 303
Q 12 575
Q 807 476
Q 128 368
F 270 274
F 723 707
Q 394 746
F 452 672
F 845 941
F 32 509
F 833 276
Q 243 696
F 594 533
F 704 841
F 909 638
F 699 227
Q 657 427
F 946 286
Q 532 410
F 500 831
F 568 756
Q 161 306
F 645 909
Q 714 288
Q 905 425
F 532 250
Q 710 542
F 631 186
Q 151 728
Q 61 673
Q 205 446
F 872 611
Q 994 193
Q 549 541
Q 880 659
F 356 697
Q 128 81
Q 330 339
Q 841 147
Q 811 78
F 80 856
F 497 128
F 873 882
F 475 106
F 974 17
F 984 796
F 242 271
F 376 813
Q 408 678
F 354 174
Q 921 508
F 840 836
F 281 985
F 128 424
Q 694 661
F 696 586
F 595 591
F 424 729
Q 663 93
Q 938 551
Q 691 969
F 545 166
F 383 143
Q 940 587
Q 867 290
Q 128 287
F 128 475
F 723 761
F 480 544
Q 420 317
Q 108 713
Q 849 50
Q 992 310
F 682 313
Q 192 336
Q 903 41
F 427 272
Q 942 871
Q 194 645
Q 991 79
Q 13 57
F 422 418
Q 448 723
Q 362 867
F 769 966
F 29 626
Q 38 225
F 689 714
Q 655 854
F 591 798
F 378 229
Q 420 414
F 346 307
F 454 631
Q 244 316
F 511 320
F 678 186
Q 735 475
Q 350 881
Q 184 836
Q 316 214
Q 546 947
F 916 174
F 304 543
F 822 605
F 216 336
Q 634 486
Q 812 358
F 204 808
Q 285 313
Q 619 679
Q 542 762
F 624 610
F 895 27
Q 361 338
F 148 974
Q 863 337
F 384 647
F 828 68
F 853 659
Q 523 322
F 286 936
F 961 326
Q 612 483
Q 257 558
F 618 285
F 822 929
F 130 518
F 935 85
Q 545 942
Q 727 629
F 198 952
Q 610 254
Q 328 136
F 538 930
F 882 429
F 593 565
Q 418 922
F 477 501
Q 127 267
F 302 588
Q 153 224
F 747 614
F 981 853
Q 503 871
Q 791 609
F 183 489
Q 819 191
Q 438 131
F 603 668
F 328 103
F 284 446
F 943 417
Q 455 229
F 711 790
Q 576 456
Q 981 870
F 812 279
Q 730 263
F 416 231
F 488 365
F 492 962
F 149 953
Q 232 725
Q 518 89
Q 867 887
Q 182 374
F 10 896
Q 131 927
Q 962 708
Q 591 966
Q 537 217
F 935 833
F 334 310
F 317 970
F 851 60
F 531 27
F 394 928
F 944 420
F 746 825
F 792 29
F 961 351
F 190 512
F 947 487
F 822 41
F 204 71
F 77 904
Q 625 230
F 877 487
Q 70 959
Q 981 295
Q 519 110
Q 82 770
Q 222 879
F 312 778
F 560 117
Q 143 416
F 330 138
F 892 129
Q 466 977
F 474 832
Q 783 844
Q 693 823
F 516 177
Q 391 709
F 874 802
Q 934 403
Q 270 881
F 505 971
Q 581 938
Q 210 88
Q 555 61
F 429 517
Q 737 766
F 323 712
Q 233 482
F 81 182
Q 862 430
Q 519 760
F 385 936
F 650 823
F 812 601
F 409 677
Q 446 880
Q 516 629
Q 875 769
F 573 832
F 798 809
Q 266 642
Q 535 823
F 79 815
F 105 667
Q 925 342
F 770 652
Q 965 938
Q 76 393
F 101 26
Q 63 991
F 393 64
Q 289 395
Q 47 681
F 841 39
Q 85 314
Q 288 879
Q 690 600
F 99 951
Q 303 401
F 494 120
F 20 214
Q 462 894
F 987 283
Q 214 740
F 155 275
Q 543 204
Q 666 125
F 877 802
F 594 582
F 441 922
Q 279 618
F 994 539
F 295 159
F 182 733
F 2 890
Q 145 909
F 2 495
F 953 899
Q 411 370
F 188 455
Q 803 797
F 5 57
Q 786 612
Q 459 86
Q 891 355
F 898 631
F 965 742
Q 286 399
Q 696 912
Q 31 447
F 176 875
Q 308 830
Q 430 330
F 556 13
Q 844 265
F 209 712
F 581 35
F 306 834
Q 943 755
Q 886 679
Q 503 274
F 354 126
Q 959 57
F 21 55
Q 959 951
Q 715 891
Q 647 813
F 276 345
F 164 396
Q 760 88
Q 634 212
Q 898 204
F 978 305
F 727 134
F 473 803
Q 733 159
F 86 942
F 296 21
F 912 212
F 432 258
Q 703 509
Q 360 593
Q 176 865
F 266 328
F 771 538
F 221 58
F 546 338
Q 15 639
Q 334 168
Q 241 371
Q 530 52
Q 484 164
Q 632 538
F 921 614
F 988 144
F 56 962
F 653 641
F 179 191
F 804 342
Q 576 405
F 482 132
Q 444 951
Q 601 186
F 675 286
F 89 960
Q 245 296
F 674 671
F 894 709
F 824 619
F 974 463
F 91 297
F 890 461
Q 913 618
F 331 983
F 389 970
F 813 522
Q 311 293
Q 819 351
F 19 420
Q 258 882
F 329 770
Q 586 639
F 334 199
F 152 466
F 809 656
F 696 55
Q 747 620
Q 797 493
Q 769 949
F 405 551
F 340 744
Q 411 583
F 926 777
F 773 18
F 202 970
F 657 621
F 676 162
Q 896 307
F 538 256
Q 39 49
Q 184 294
F 688 775
F 286 60
Q 860 726
F 867 430
F 818 44
F 489 381
Q 609 47
F 313 227
Q 198 771
F 491 997
F 726 505
Q 228 439
Q 564 94
Q 408 380
F 488 893
F 572 582
Q 859 137
Q 605 686
F 777 676
Q 305 672
F 709 68
Q 646 796
Q 459 956
F 364 255
F 901 60
Q 933 223
F 727 721
F 387 688
Q 503 63
F 760 492
F 475 582
F 919 165
Q 513 320
Q 536 785
F 825 891
Q 120 568
F 591 178
Q 49 770
Q 254 360
F 198 752
F 991 32
F 700 305
Q 776 676
F 589 915
Q 466 576
Q 932 178
F 327 722
F 197 578
Q 661 50
F 746 933
Q 884 412
Q 847 841
Q 934 10
F 780 866
Q 217 35
Q 429 319
Q 648 290
F 329 197
F 788 168
Q 847 883
F 310 347
Q 912 147
Q 462 15
Q 953 201
F 462 759
Q 277 217
Q 388 727
F 722 370
Q 839 851
Q 457 119
F 141 591
Q 676 545
Q 331 150
F 406 857
Q 499 576
F 193 300
F 0 420
F 38 576
Q 657 823
Q 827 761
F 113 375
F 884 627
F 824 918
Q 922 568
Q 223 192
Q 198 440
F 429 428
F 9 73
F 948 620
Q 687 923
Q 581 814
F 515 927
F 829 415
F 129 485
F 618 279
Q 24 639
Q 489 324
F 765 176
Q 77 340
Q 883 734
F 23 681
F 182 482
F 217 712
Q 973 291
F 742 887
F 64 283
F 107 830
F 905 984
Q 301 722
F 585 752
Q 346 602
Q 799 960
F 865 456
F 710 394
F 553 452
Q 301 413
F 128 353
F 661 881
F 64 182
Q 894 570
F 201 616
Q 99 620
Q 459 410
F 381 286
Q 699 897
F 533 309
F 222 278
F 301 171
Q 518 682
F 406 612
Q 710 779
F 454 42
Q 281 510
F 155 108
Q 972 496
F 714 663
Q 0 1
Q 298 753
F 272 438
F 645 622
F 373 13
F 78 874
Q 157 154
F 419 548
Q 714 290
Q 139 753
F 385 674
F 732 489
Q 99 508
F 392 678
Q 812 420
Q 546 969
Q 354 45
Q 4 906
F 683 442
F 193 813
