992 997
0 )
1 (
2 )
0 )
4 )
5 (
6 )
7 (
8 )
9 (
10 (
11 )
12 )
0 (
14 (
15 )
16 )
17 )
18 (
19 )
20 )
21 )
22 (
23 (
24 (
25 (
26 (
27 (
28 )
29 )
30 (
31 )
32 )
33 (
34 )
35 )
36 (
37 (
38 (
39 (
40 )
41 )
42 )
43 )
44 )
45 )
46 (
47 (
48 )
49 )
50 (
51 (
52 )
53 (
54 )
55 )
56 (
57 (
58 )
59 (
60 )
61 )
62 )
63 )
64 (
65 (
66 (
67 (
68 )
69 )
70 (
71 )
72 (
73 )
74 )
75 (
76 (
77 )
78 )
79 (
80 )
81 )
82 (
83 )
84 (
85 (
86 (
87 (
88 )
89 )
90 (
91 (
92 )
93 (
94 )
95 )
96 (
0 (
98 (
99 )
100 (
101 )
102 (
103 (
104 )
105 (
106 )
107 (
108 )
109 (
110 )
111 (
112 (
113 )
114 (
115 (
116 )
117 (
118 )
119 )
120 )
121 )
122 )
123 (
124 )
125 (
126 (
127 )
128 )
129 (
130 )
131 (
132 (
133 )
134 (
135 )
136 (
137 (
138 )
139 (
140 )
141 (
142 (
143 (
144 (
145 (
146 )
147 )
148 )
149 (
150 (
151 (
152 (
153 (
154 (
155 (
156 (
157 )
158 (
159 )
160 )
0 )
162 )
163 )
164 (
165 )
166 )
167 (
168 )
169 )
170 )
171 )
172 (
173 )
174 )
175 )
176 )
177 )
178 (
179 (
180 )
181 (
182 (
183 (
184 (
185 )
186 )
187 )
188 (
189 )
190 )
191 (
192 )
193 (
194 )
195 )
196 )
197 (
198 (
199 (
200 )
201 (
202 (
203 )
204 (
205 )
206 (
207 )
208 (
209 (
210 )
211 (
212 (
213 )
214 (
215 )
216 )
217 (
218 )
219 )
220 )
221 (
222 )
223 (
224 )
225 )
226 )
227 )
228 )
229 (
230 )
231 (
232 (
233 )
234 )
235 (
236 (
237 (
238 (
239 (
240 (
241 )
242 (
243 (
244 (
245 (
246 (
247 )
248 (
249 )
250 )
251 (
252 )
253 )
254 (
255 (
256 (
257 )
258 (
259 )
260 (
261 (
262 (
263 (
264 (
265 )
266 (
267 (
268 )
269 )
270 (
271 (
272 )
273 )
274 (
275 (
276 (
277 )
278 )
279 (
280 )
281 )
282 )
283 (
284 (
285 (
286 )
287 )
288 (
289 )
290 )
291 )
292 )
293 )
294 (
295 (
296 )
297 )
298 )
299 )
300 )
301 )
302 (
303 )
304 )
305 )
306 (
307 )
308 (
309 )
310 )
311 (
312 (
313 )
314 (
315 )
316 (
317 )
318 (
319 (
320 )
321 )
322 (
323 (
324 (
325 (
326 )
327 )
328 )
329 )
330 )
331 )
332 (
333 (
334 (
335 )
336 )
337 )
338 (
339 (
340 (
341 (
342 (
343 )
344 (
345 )
346 (
347 )
348 (
349 )
350 )
351 (
352 )
353 )
354 )
355 )
356 (
357 (
358 )
359 (
360 (
361 )
362 )
363 )
364 )
365 (
366 )
367 )
368 (
369 )
370 (
371 )
372 )
373 (
374 )
375 (
376 (
377 )
378 )
379 )
380 (
381 )
382 )
383 (
384 (
385 )
386 (
387 (
388 (
389 (
390 (
391 )
392 )
393 (
394 )
395 )
396 (
397 (
398 (
399 )
400 (
401 (
402 )
403 (
404 (
405 (
406 )
407 )
408 (
409 (
410 (
411 (
412 (
413 )
414 )
415 )
416 (
417 (
418 (
419 )
420 (
421 (
422 (
423 )
424 )
425 (
426 )
427 )
428 (
429 (
430 )
431 (
432 )
433 (
434 (
435 )
436 )
437 )
438 (
439 )
440 )
441 )
442 (
443 (
444 )
445 (
446 )
447 )
448 (
449 )
0 (
451 )
452 (
453 )
454 )
455 (
456 (
457 (
458 (
459 (
460 (
461 )
462 (
463 (
464 (
465 (
466 )
467 )
468 (
469 )
470 (
471 )
472 )
473 (
474 (
475 )
476 (
477 (
478 (
479 (
480 (
481 (
482 (
483 )
484 (
485 (
486 (
487 (
488 (
489 )
490 (
491 )
492 (
493 (
494 (
495 )
496 (
497 )
498 (
499 )
500 (
501 (
502 )
503 )
504 (
505 (
506 (
507 (
508 )
509 )
510 )
511 )
512 )
513 (
514 )
515 )
516 )
517 )
518 )
519 (
520 (
521 (
522 )
523 (
524 (
525 )
526 (
527 (
0 )
529 )
530 (
531 )
532 (
533 )
534 )
535 )
536 )
537 )
538 (
539 )
540 )
541 )
542 (
543 )
544 )
545 )
546 (
547 )
548 (
549 (
550 )
551 )
552 (
553 (
554 )
555 (
556 )
557 (
558 (
559 (
560 )
561 (
562 (
563 (
564 (
565 )
566 (
567 )
568 )
569 )
570 (
571 )
572 )
573 (
574 )
575 (
576 (
577 )
578 )
579 (
580 (
581 )
582 )
583 )
584 )
585 (
586 (
587 )
588 (
589 (
590 (
591 (
592 )
593 )
594 (
595 )
596 )
597 (
598 )
599 (
600 )
601 )
602 )
603 )
604 )
605 (
606 (
607 (
608 (
609 (
610 (
611 )
612 )
613 )
614 )
615 (
616 (
617 (
618 (
619 )
620 )
621 (
622 )
623 (
624 (
625 )
626 )
627 (
628 )
629 (
630 (
631 )
632 )
633 (
634 (
635 )
636 )
637 (
638 (
639 (
640 )
641 (
642 (
643 (
644 )
645 )
646 )
647 )
648 )
649 )
650 (
651 )
652 (
653 (
654 (
655 (
656 (
657 )
658 )
659 )
660 (
661 (
662 )
663 )
664 )
665 (
666 )
667 )
668 )
669 (
670 (
671 )
672 )
673 )
674 )
675 )
676 )
677 )
678 (
679 )
680 (
681 (
682 )
683 (
684 (
685 (
686 )
687 (
688 )
689 (
690 (
691 (
692 )
693 )
694 )
695 (
696 )
697 )
698 )
699 (
700 (
701 (
702 (
703 )
704 )
705 (
706 )
707 )
708 )
709 (
710 )
711 (
712 (
713 )
714 )
715 )
716 (
717 )
718 (
719 )
720 (
721 )
722 )
723 (
724 )
725 )
726 )
727 (
728 (
729 )
730 (
731 (
732 )
733 )
734 )
735 (
736 )
737 )
738 (
739 )
740 (
741 )
742 (
743 (
744 (
745 (
746 (
747 )
748 (
749 )
750 (
751 (
752 (
753 )
754 )
755 (
756 (
757 (
758 )
759 (
760 )
761 (
762 (
763 (
764 (
765 (
766 (
767 )
768 (
769 )
770 (
771 )
772 )
773 (
774 )
775 )
776 (
777 (
778 )
779 )
780 (
781 )
782 (
783 )
784 )
785 (
786 (
787 (
788 (
789 )
790 )
791 (
792 (
793 (
794 )
795 )
796 (
797 )
798 )
799 (
800 )
801 (
802 )
803 )
804 (
805 )
806 (
807 )
808 (
809 (
810 (
811 (
812 )
813 (
814 (
815 )
816 )
817 (
818 (
819 )
820 (
821 )
822 (
823 )
824 )
825 (
826 )
827 (
828 )
829 )
830 (
831 (
832 (
833 (
834 (
835 (
836 )
837 )
838 (
839 (
840 )
841 (
842 (
843 (
844 (
845 )
846 (
847 (
848 )
849 (
850 (
851 (
852 )
853 (
854 )
855 )
856 )
857 (
858 (
859 (
860 )
861 (
862 )
863 (
864 )
865 )
866 )
867 )
868 (
869 (
870 (
871 (
872 )
873 (
874 (
875 (
876 )
877 )
878 )
879 (
880 (
881 )
882 )
883 )
884 (
885 (
886 (
887 )
888 )
889 (
890 )
891 (
892 (
893 (
894 )
895 (
896 (
897 )
898 )
899 (
900 (
901 (
902 )
903 (
904 (
905 (
906 (
907 (
908 (
909 )
910 (
911 )
912 (
913 )
914 )
915 (
916 (
917 (
918 (
919 (
920 )
921 )
922 (
923 )
924 (
925 )
926 )
927 (
928 (
929 (
930 )
931 )
932 (
933 )
934 )
935 )
936 (
937 )
938 (
939 (
940 (
941 (
942 )
943 )
944 )
945 (
946 (
947 )
948 (
949 )
950 )
951 )
952 (
953 (
954 )
955 )
956 )
957 )
958 )
959 )
960 (
961 )
962 )
963 )
964 )
965 )
966 (
967 )
968 )
969 (
970 )
971 )
972 (
973 (
974 (
975 (
976 (
977 )
978 )
979 )
980 )
981 )
982 )
983 )
984 (
985 )
986 )
987 (
988 (
989 (
990 (
F 870 100
Q 505 271
F 979 859
Q 98 892
F 468 209
F 809 826
Q 197 509
Q 454 763
Q 629 640
Q 291 269
Q 371 21
Q 739 705
Q 852 633
F 629 925
Q 615 155
F 888 4
F 731 390
F 367 291
F 272 45
Q 488 605
F 669 856
F 872 570
Q 64 813
Q 378 204
Q 940 609
F 985 291
F 78 607
Q 410 402
F 833 57
Q 94 162
F 308 782
F 279 439
F 985 667
Q 218 192
F 176 38
F 613 164
F 147 487
F 369 777
F 68 761
Q 795 583
Q 790 736
F 110 878
Q 344 636
F 595 628
Q 328 845
F 157 3
Q 246 552
Q 719 513
Q 790 251
Q 464 320
F 843 956
F 433 647
F 208 695
F 124 385
F 970 952
F 959 262
F 300 214
F 378 296
Q 234 641
F 167 480
Q 801 335
F 425 664
Q 293 482
Q 119 186
F 491 381
F 169 730
F 793 359
Q 163 576
Q 396 799
Q 960 761
F 680 770
F 577 352
Q 230 90
F 951 872
F 698 425
Q 46 268
Q 228 628
Q 987 857
F 889 756
Q 744 218
Q 624 985
F 254 133
F 498 192
Q 947 390
Q 509 632
Q 757 265
Q 824 561
F 23 557
Q 157 261
Q 794 805
Q 450 74
F 447 913
F 9 439
F 74 702
Q 810 85
F 793 730
Q 574 424
Q 775 795
F 174 863
Q 603 81
F 252 378
F 533 810
F 817 90
Q 506 484
Q 391 174
F 542 505
F 921 60
Q 786 679
Q 200 877
Q 15 991
F 304 285
F 707 80
F 491 98
Q 475 243
Q 165 603
Q 112 24
Q 705 732
F 470 914
F 266 792
F 65 831
F 30 270
Q 825 219
Q 342 184
F 384 519
F 665 785
F 770 308
F 131 805
Q 926 21
Q 817 254
F 851 677
Q 79 589
F 813 533
Q 932 151
Q 16 730
Q 541 97
F 709 757
Q 248 157
F 707 835
F 339 277
F 545 647
F 85 889
F 762 534
Q 635 741
F 65 322
F 71 437
F 742 681
Q 869 812
F 776 863
F 222 578
Q 732 314
F 193 269
Q 285 30
F 111 978
F 981 425
Q 935 205
Q 396 673
Q 722 765
F 720 283
F 177 84
Q 804 749
F 452 351
Q 845 439
Q 861 369
F 665 686
F 389 534
F 881 107
Q 238 85
F 2 402
F 154 422
F 839 357
Q 778 309
F 538 555
Q 714 406
F 219 188
F 443 811
Q 960 880
F 258 402
Q 287 967
Q 496 692
Q 185 666
F 51 362
F 424 291
Q 156 593
F 11 41
Q 752 656
F 752 624
Q 596 295
F 930 31
Q 339 956
Q 404 626
Q 499 705
F 909 929
F 152 105
Q 597 306
F 503 396
Q 768 28
F 606 855
F 153 667
F 35 376
Q 721 699
F 811 169
Q 73 480
Q 285 59
Q 669 180
F 231 742
Q 434 851
F 463 399
Q 130 730
Q 350 410
Q 871 206
Q 40 273
Q 709 394
Q 320 756
F 411 428
Q 315 867
F 652 609
Q 322 104
Q 105 526
F 445 969
F 866 737
F 796 397
F 686 793
Q 361 77
F 600 210
Q 172 126
F 108 212
F 733 380
Q 1 541
Q 944 570
F 903 365
Q 636 713
Q 371 657
F 461 518
F 617 179
F 172 968
Q 650 736
Q 748 936
F 960 474
Q 791 786
Q 935 289
Q 218 396
Q 92 797
Q 109 453
Q 459 749
F 709 225
F 660 821
Q 30 547
F 735 292
Q 356 282
F 257 773
Q 386 976
Q 77 328
F 622 496
Q 191 304
F 755 342
F 742 127
Q 960 93
F 145 127
Q 335 291
F 668 755
Q 985 864
F 859 94
F 793 680
F 103 979
Q 799 637
Q 744 158
Q 855 890
F 834 657
Q 218 860
Q 580 178
Q 916 883
Q 13 964
F 150 872
Q 64 244
F 637 207
F 459 581
Q 899 112
F 659 575
F 326 113
Q 324 820
F 790 839
Q 598 148
F 420 510
F 930 563
Q 968 229
F 390 376
Q 882 158
Q 693 872
Q 308 806
Q 612 306
Q 110 449
Q 785 573
F 571 232
F 117 912
F 91 22
F 909 353
Q 641 879
F 548 961
Q 895 499
Q 772 902
Q 592 323
F 734 858
Q 261 210
F 118 451
Q 434 78
Q 115 147
Q 570 240
Q 358 497
F 505 353
Q 281 617
Q 306 878
Q 91 528
Q 25 942
Q 586 219
F 130 594
Q 353 482
F 330 333
Q 163 688
F 517 101
Q 711 909
Q 40 633
Q 421 974
Q 537 20
F 257 795
F 533 338
Q 150 546
F 33 337
Q 101 91
F 948 507
F 831 124
F 3 690
F 560 511
Q 654 924
F 814 370
F 42 335
Q 353 446
Q 47 991
F 627 634
F 35 902
Q 314 882
F 519 180
F 37 339
F 418 313
F 68 697
F 459 47
Q 508 859
F 956 876
F 458 214
Q 788 711
Q 886 664
F 684 585
F 795 814
F 701 343
F 661 561
Q 272 766
Q 75 974
Q 327 639
F 957 84
F 75 315
F 208 386
F 823 866
F 56 816
F 803 151
F 263 221
Q 116 103
F 820 58
F 931 747
F 782 694
F 620 698
Q 514 42
Q 728 435
F 777 486
F 366 10
Q 823 797
Q 22 242
Q 864 366
Q 590 938
Q 460 339
F 754 812
F 30 205
Q 934 915
Q 928 400
F 647 492
F 50 780
Q 626 703
Q 787 765
F 340 990
Q 111 148
F 978 333
Q 618 198
F 474 532
Q 973 628
Q 810 34
F 944 732
Q 160 867
F 967 127
F 963 100
F 689 18
Q 560 132
Q 478 138
F 937 575
F 703 290
Q 250 726
F 563 495
F 172 738
F 527 967
F 526 825
Q 206 782
F 354 224
Q 219 707
F 933 819
F 988 105
F 737 306
F 192 857
F 759 429
Q 458 774
F 935 433
Q 543 401
Q 451 436
Q 173 911
F 821 94
F 862 633
Q 492 58
Q 476 211
Q 429 637
Q 133 160
Q 537 53
F 146 645
Q 474 948
F 516 827
F 402 860
Q 463 954
Q 294 654
F 74 898
Q 904 815
F 918 748
Q 867 604
Q 46 690
F 139 111
F 975 28
F 5 272
Q 648 683
F 756 32
F 68 233
F 804 386
F 438 753
F 571 684
Q 261 604
Q 253 462
F 793 45
F 351 192
Q 422 31
Q 80 914
F 535 652
F 739 975
F 766 767
F 193 146
Q 313 188
F 750 781
F 424 335
F 409 757
Q 333 84
F 744 691
Q 35 742
Q 388 200
Q 484 523
Q 962 575
Q 756 830
Q 306 600
Q 242 317
F 620 51
F 193 245
F 697 986
F 595 172
Q 31 435
F 758 398
Q 655 325
Q 226 219
F 691 873
Q 930 815
F 275 596
F 226 242
Q 135 483
F 57 898
Q 291 167
F 183 191
Q 479 178
F 817 502
Q 517 545
F 172 177
F 831 363
F 167 350
Q 96 649
F 557 669
F 818 199
Q 282 175
F 98 140
Q 619 124
F 840 677
Q 12 420
F 954 855
Q 221 265
F 882 677
F 614 379
F 253 351
Q 796 964
F 934 300
Q 755 791
Q 195 986
F 645 980
Q 127 677
Q 769 222
F 521 773
F 825 479
Q 540 412
Q 262 90
Q 207 447
F 893 914
F 510 803
Q 727 826
Q 441 363
Q 476 958
F 332 687
Q 401 753
Q 816 880
Q 194 87
Q 49 186
Q 562 51
Q 640 602
F 769 21
F 283 929
F 958 541
Q 409 280
Q 15 756
F 603 37
Q 733 269
Q 945 285
F 804 470
Q 490 556
F 377 4
F 927 386
Q 286 317
F 512 895
Q 35 521
F 991 256
F 894 116
F 380 75
F 653 646
Q 946 569
F 362 774
F 930 707
Q 207 458
F 797 110
Q 683 291
Q 598 538
F 293 712
Q 488 392
F 494 480
F 964 235
F 397 885
F 574 306
F 934 982
Q 665 595
Q 427 492
Q 241 379
F 38 512
Q 105 180
Q 38 555
Q 501 918
F 329 351
Q 361 498
Q 587 245
Q 643 219
Q 909 983
Q 725 471
F 487 848
Q 22 486
Q 49 21
Q 465 905
Q 934 196
F 85 9
F 730 715
F 784 486
F 806 314
F 492 480
F 961 83
F 459 794
Q 675 795
F 179 578
F 730 448
Q 27 580
F 946 619
Q 405 625
F 351 264
F 668 874
F 270 757
F 288 594
F 716 264
Q 465 372
F 501 836
F 521 722
F 192 959
F 286 110
F 170 172
Q 71 189
F 609 847
F 814 489
Q 723 257
F 182 774
Q 567 257
F 685 376
Q 443 477
Q 500 931
Q 878 415
F 44 309
F 719 828
Q 229 624
Q 150 282
F 898 283
Q 930 161
F 752 554
Q 357 581
F 8 491
Q 684 49
F 33 52
Q 529 918
F 123 10
Q 581 404
F 616 371
F 88 425
F 636 319
F 588 762
Q 919 308
F 346 767
F 48 216
Q 36 82
Q 869 163
F 252 473
Q 34 164
Q 755 466
Q 688 243
Q 5 991
F 607 504
Q 515 244
Q 628 443
F 802 958
F 23 428
Q 452 437
F 599 52
F 164 803
Q 800 957
F 326 310
Q 479 30
F 735 867
F 724 11
F 129 829
Q 152 571
F 427 182
Q 432 826
F 495 691
Q 818 209
F 837 629
F 181 819
F 879 517
F 670 810
F 684 481
Q 105 290
Q 418 101
F 758 949
Q 774 957
Q 21 887
F 719 969
Q 372 900
Q 955 944
F 935 616
Q 192 553
F 279 174
F 343 230
Q 143 172
Q 453 547
Q 260 173
F 74 655
Q 68 991
Q 430 857
F 97 31
Q 234 925
Q 62 194
F 788 815
F 378 6
Q 45 807
Q 955 474
Q 591 79
F 478 458
Q 465 971
Q 957 302
F 254 583
F 544 916
Q 343 709
Q 872 780
Q 228 7
Q 761 179
Q 609 923
Q 934 131
Q 199 710
F 290 90
Q 377 275
Q 69 360
F 690 509
Q 29 413
Q 908 697
F 150 723
F 338 968
Q 651 409
F 969 412
F 782 769
F 507 938
Q 501 235
F 645 432
Q 294 786
F 578 487
F 165 118
Q 664 140
Q 317 874
Q 706 42
Q 172 832
F 670 650
F 243 210
Q 377 255
Q 892 243
F 441 972
F 141 150
F 586 184
F 942 190
F 812 212
Q 54 519
F 252 714
F 219 116
F 864 489
F 634 921
Q 663 14
F 740 937
Q 897 22
Q 203 451
F 172 163
F 876 314
F 800 812
F 734 580
F 779 73
F 91 772
Q 912 254
F 621 826
F 524 646
F 443 490
F 426 514
Q 853 203
Q 874 547
F 989 370
Q 908 245
Q 87 926
Q 353 45
Q 627 614
F 148 21
F 281 417
F 565 342
F 597 533
F 680 870
Q 484 579
Q 524 500
F 478 402
Q 367 752
F 933 57
F 625 415
F 814 913
F 534 798
Q 494 508
F 817 788
Q 520 719
Q 526 414
Q 789 230
Q 448 375
F 19 329
Q 459 294
F 786 826
Q 755 363
F 187 962
F 677 299
F 195 28
Q 773 954
F 944 800
F 249 9
Q 457 307
F 117 561
F 3 333
Q 967 864
Q 138 268
Q 548 451
F 654 441
Q 83 787
F 943 120
Q 473 804
F 875 308
F 646 554
Q 774 74
Q 959 141
F 602 886
F 748 591
F 576 732
F 163 220
Q 798 601
Q 726 595
Q 337 906
Q 473 179
F 190 155
Q 599 680
Q 501 115
F 502 118
F 38 863
Q 41 294
Q 167 925
F 470 463
F 517 907
F 743 904
Q 810 303
F 885 108
F 654 169
Q 402 238
Q 226 599
F 407 638
F 762 168
F 367 347
Q 602 132
Q 899 698
Q 35 730
Q 69 886
F 830 587
Q 833 217
F 520 758
Q 194 811
F 895 357
F 642 634
Q 974 758
F 117 745
Q 820 493
F 950 605
F 954 472
Q 787 292
F 374 644
Q 918 167
Q 282 95
Q 436 51
F 706 206
Q 794 451
F 540 17
Q 373 753
Q 57 436
Q 962 93
Q 243 313
Q 406 925
Q 736 867
F 623 263
F 984 68
F 219 124
F 834 745
Q 72 534
F 964 389
Q 589 724
Q 171 285
Q 440 132
F 25 659
F 120 241
F 781 22
Q 172 206
F 824 392
Q 301 866
Q 830 880
F 248 437
F 938 98
F 511 411
Q 598 909
F 81 703
F 313 68
F 264 658
Q 723 368
F 371 853
F 726 500
Q 355 324
Q 726 865
Q 698 260
F 819 125
Q 306 879
F 261 14
Q 106 319
F 360 204
Q 151 728
Q 777 230
Q 234 505
Q 112 692
Q 381 517
F 591 191
Q 515 557
Q 11 300
Q 943 321
Q 970 335
F 387 728
Q 668 494
Q 93 349
F 909 52
Q 382 92
Q 11 729
F 284 300
Q 147 910
Q 9 29
Q 2 526
Q 612 821
F 642 89
F 581 633
Q 20 6
F 257 858
Q 823 65
Q 610 727
F 693 406
F 548 976
Q 218 651
F 292 751
F 480 527
F 270 275
F 252 966
F 130 510
F 40 499
Q 168 64
F 977 5
F 533 548
F 354 678
Q 444 378
F 305 33
F 441 69
Q 713 243
Q 27 262
Q 152 308
F 721 394
F 379 613
F 887 400
F 968 253
Q 513 63
Q 763 176
F 936 262
Q 324 545
Q 500 980
F 303 520
Q 905 826
Q 596 485
F 374 382
F 609 743
F 890 419
F 934 119
Q 600 886
Q 193 777
Q 318 699
Q 522 869
F 114 695
Q 351 881
Q 125 288
F 627 706
Q 762 131
Q 83 324
F 353 532
Q 506 838
Q 304 604
F 55 906
Q 282 831
Q 156 205
F 660 493
F 778 627
Q 316 362
F 730 693
F 555 128
Q 429 110
Q 702 580
Q 438 578
F 384 263
F 391 625
F 795 96
Q 730 764
F 736 598
F 514 214
Q 851 946
Q 19 301
Q 987 901
F 558 410
F 745 663
F 816 454
F 103 49
F 827 894
F 68 460
Q 773 569
F 574 442
Q 385 712
