995 998
0 )
0 (
0 (
3 (
4 )
0 )
6 )
7 (
8 )
9 )
10 )
11 )
12 )
13 )
14 (
15 (
16 (
17 (
18 )
19 (
20 )
21 (
22 )
23 )
24 )
25 )
26 (
27 )
28 (
29 )
30 (
31 )
32 )
33 )
34 (
35 (
36 (
37 (
38 (
39 )
40 (
41 (
42 (
43 (
44 )
45 (
46 )
47 )
48 )
49 (
50 (
51 (
52 (
53 (
54 )
55 (
56 )
57 )
58 (
59 )
60 )
61 )
62 )
63 (
64 (
65 )
66 (
67 )
68 (
69 (
70 )
71 (
72 )
73 (
74 (
75 (
76 )
77 (
78 )
79 (
80 )
81 )
82 )
83 )
84 (
85 )
86 (
87 (
88 )
89 (
90 )
91 (
92 (
93 )
94 )
95 (
96 )
97 (
98 (
99 (
100 )
101 )
102 (
103 )
104 (
105 (
106 )
107 )
108 )
109 (
110 (
111 (
112 )
113 (
114 (
115 (
116 )
117 (
118 (
119 )
120 (
121 )
122 )
123 )
124 )
125 )
126 )
127 )
128 (
129 )
130 (
131 )
132 )
133 )
134 (
135 )
136 (
137 (
138 )
139 (
140 (
141 )
142 )
143 )
144 )
145 (
146 (
147 )
148 (
149 (
150 )
151 )
152 )
153 )
154 )
155 (
156 )
157 )
158 )
159 )
160 )
161 )
162 )
163 (
164 )
165 (
166 (
167 )
168 (
169 )
170 )
171 (
172 (
173 )
174 )
175 )
176 (
177 )
178 )
179 )
180 )
181 )
182 (
183 )
184 (
185 (
186 (
187 (
188 (
189 (
190 (
191 )
192 )
193 )
194 (
195 (
196 (
197 (
198 (
199 )
200 (
201 )
202 (
203 )
204 )
205 (
206 )
207 )
208 (
209 )
210 )
211 (
212 )
213 )
214 )
215 )
216 )
217 (
218 )
219 )
220 )
221 )
222 )
223 )
224 )
225 )
226 )
227 )
228 (
229 (
230 (
231 )
232 (
233 (
234 (
235 )
236 (
237 )
238 )
239 (
240 )
241 )
242 (
243 (
244 (
245 )
246 )
247 (
248 (
249 (
250 )
251 )
252 )
253 (
254 (
255 (
256 )
257 )
258 (
259 )
260 )
261 (
262 )
263 (
264 )
265 (
266 )
267 (
268 (
269 (
270 )
271 (
272 )
273 )
274 (
275 )
276 (
277 (
278 )
279 (
280 (
281 )
282 )
283 (
284 )
285 )
286 )
287 )
288 )
289 )
290 (
291 (
292 (
293 (
294 (
295 )
296 (
297 )
298 )
299 (
300 (
301 (
302 )
303 )
304 (
305 (
306 )
307 )
308 )
309 (
310 )
311 )
312 (
313 )
314 )
315 (
316 (
317 )
318 )
319 (
320 (
321 (
322 (
323 (
324 (
325 )
326 )
327 (
328 )
329 )
330 (
331 )
332 )
333 )
334 (
335 (
336 (
337 )
338 (
339 (
340 )
341 )
342 )
343 )
344 )
345 (
346 (
347 )
348 )
349 )
350 )
351 )
352 (
353 )
354 (
355 )
356 )
357 (
358 (
359 )
360 )
361 )
362 (
363 )
364 (
365 )
366 )
367 (
368 (
369 (
370 )
371 )
372 (
373 (
374 )
375 (
376 )
377 )
378 )
379 (
380 )
381 )
382 )
383 )
384 (
385 (
386 (
387 (
388 )
389 )
390 (
391 )
392 (
393 )
394 (
395 )
396 (
397 (
398 (
399 (
400 (
401 )
402 (
403 (
404 )
405 )
406 (
407 (
408 (
409 )
410 (
411 )
412 (
413 )
414 )
415 (
416 )
417 )
418 )
419 (
420 )
421 )
422 (
423 )
424 (
425 (
426 (
427 (
428 )
429 (
430 )
431 )
432 (
433 )
434 (
435 )
436 (
437 )
438 )
439 (
440 )
441 (
442 )
443 )
444 (
445 (
446 (
447 )
448 (
449 )
450 )
451 )
452 )
453 (
454 (
455 )
456 (
457 (
458 (
459 (
460 (
461 )
462 )
463 (
464 )
465 )
466 (
467 )
468 (
469 )
470 (
471 (
472 (
473 (
474 )
475 )
476 (
477 )
478 (
479 )
480 (
481 )
482 )
483 )
484 (
485 (
486 (
487 )
488 )
489 )
490 )
491 (
492 )
493 (
494 )
495 (
496 (
497 )
498 (
499 )
500 )
501 )
502 (
503 (
504 (
505 (
506 (
507 )
508 (
509 (
510 )
511 )
512 (
513 )
514 (
515 )
516 )
517 )
518 )
519 (
520 )
521 )
522 (
523 (
524 (
525 )
526 )
527 )
528 )
529 )
530 )
531 )
532 )
533 )
534 (
535 )
536 )
537 )
538 )
539 )
540 )
541 (
542 )
543 (
544 )
545 (
546 )
547 )
548 (
549 )
550 (
551 )
552 (
553 (
554 )
555 (
556 (
557 )
0 (
559 (
560 )
561 )
562 (
563 (
564 (
565 (
566 (
567 (
568 )
569 )
570 )
571 )
572 (
573 )
574 (
575 )
576 )
577 (
578 )
579 (
580 )
581 (
582 )
583 (
584 )
585 (
586 (
587 )
588 (
589 )
590 (
591 )
592 (
593 (
594 )
595 (
596 (
597 )
598 (
599 )
600 (
601 (
602 )
603 (
604 )
605 )
606 (
607 )
608 (
609 )
610 )
611 )
612 )
613 )
614 (
615 )
616 )
617 (
618 (
619 (
620 (
621 )
622 )
623 (
624 (
625 )
626 (
627 )
628 )
629 (
630 (
631 )
632 (
633 )
634 (
635 )
636 (
637 )
638 (
639 (
640 )
641 (
642 (
643 (
644 )
645 (
646 (
647 )
648 (
649 (
650 (
651 )
652 )
653 )
654 )
655 (
656 )
657 )
658 )
659 )
660 (
661 )
662 )
663 )
664 )
665 )
666 )
667 (
668 (
669 (
670 )
671 (
672 )
673 (
674 (
675 )
676 )
677 (
678 (
679 )
680 (
681 )
682 (
683 (
684 )
685 (
686 (
687 (
688 )
689 (
690 )
691 (
692 )
693 )
694 (
695 )
696 (
697 (
698 (
699 (
700 )
701 (
702 )
703 (
704 (
705 (
706 )
707 )
708 )
709 )
710 (
711 )
712 (
713 )
714 (
715 (
716 (
717 (
718 (
719 (
720 (
721 (
722 )
723 (
724 (
725 )
726 )
727 )
728 )
729 (
730 (
731 (
732 )
733 )
734 (
735 (
736 (
737 (
738 (
739 )
740 (
741 )
742 (
743 )
744 )
745 (
746 )
747 (
748 )
749 )
750 (
751 (
752 )
753 (
754 )
755 (
756 (
757 )
758 )
759 )
760 )
761 (
762 (
763 (
764 (
765 (
766 )
767 )
768 (
769 (
770 (
771 )
772 )
773 )
774 )
775 (
776 )
777 (
778 (
779 (
780 )
781 )
782 (
783 )
784 (
785 (
786 (
787 (
788 (
789 )
790 )
791 (
792 )
793 )
794 (
795 (
796 (
797 (
798 (
799 (
800 (
801 (
802 )
803 )
804 (
805 (
806 (
807 )
808 (
809 )
810 )
811 (
812 (
813 (
814 (
815 (
816 )
817 )
818 (
819 (
820 (
821 (
822 )
823 )
824 )
825 )
826 (
827 (
828 )
829 (
830 (
831 )
832 )
833 )
834 )
835 (
836 )
837 )
838 )
839 (
840 )
841 )
842 )
843 )
844 (
845 (
846 )
847 )
848 )
849 (
850 )
851 )
852 )
853 )
854 )
855 (
856 )
857 (
858 )
859 )
860 (
861 )
862 (
863 (
864 (
865 (
866 )
867 (
868 )
869 (
870 (
871 )
872 )
873 )
874 (
875 (
876 )
877 (
878 (
879 )
880 )
881 )
882 )
883 (
884 (
885 (
886 )
887 (
888 )
889 )
890 )
891 (
892 )
893 (
894 (
895 )
896 )
897 )
898 (
899 (
900 )
901 )
902 (
903 )
904 )
905 )
906 (
907 )
908 )
909 (
910 )
911 (
912 )
913 (
914 (
915 )
916 )
917 )
918 (
919 (
920 (
921 )
922 (
923 (
924 )
925 (
926 (
927 )
928 (
929 (
930 (
931 )
932 )
933 (
934 (
935 )
936 (
937 (
938 (
939 (
940 (
941 )
942 )
943 (
0 (
945 (
946 (
947 )
948 (
949 )
950 )
951 (
952 )
953 (
954 (
955 )
956 )
957 )
958 )
959 )
960 (
961 (
962 )
963 (
964 )
965 (
966 (
967 )
968 )
969 (
970 )
971 (
972 )
973 (
974 (
975 (
976 (
977 (
978 (
979 (
980 )
981 (
982 (
983 (
984 )
985 (
986 )
987 )
988 )
989 (
990 (
991 (
992 (
993 (
F 308 791
F 52 660
Q 138 55
F 830 765
F 274 383
F 591 67
Q 688 560
F 759 206
Q 474 599
Q 158 126
F 10 567
F 156 488
Q 823 187
Q 338 678
Q 306 591
F 144 90
Q 378 810
Q 750 758
F 707 889
Q 703 771
F 170 689
Q 605 856
F 260 205
F 933 148
F 259 538
Q 945 747
F 450 588
Q 543 763
F 631 534
Q 840 904
Q 673 649
F 610 848
Q 726 175
Q 603 903
F 845 22
Q 633 631
F 992 182
Q 837 556
F 689 494
Q 809 951
F 899 751
F 656 876
F 278 821
F 473 312
F 256 687
F 605 478
Q 949 441
Q 73 134
Q 234 328
Q 146 366
Q 499 923
Q 775 136
Q 75 827
Q 861 503
Q 188 941
Q 645 967
Q 210 594
F 300 205
F 180 760
F 685 468
Q 792 11
Q 205 441
F 867 500
Q 248 135
F 411 443
Q 872 106
Q 703 993
F 698 612
Q 979 680
Q 454 336
Q 558 976
F 498 683
Q 193 982
Q 473 649
F 495 956
F 854 223
F 819 8
Q 231 235
Q 809 895
Q 513 72
Q 577 139
F 469 721
F 150 31
F 778 519
Q 827 185
Q 304 280
F 846 96
Q 213 956
F 452 678
F 73 381
F 414 901
Q 109 453
Q 906 78
F 424 391
Q 239 470
F 410 68
Q 470 784
Q 862 137
F 647 596
F 788 263
Q 78 685
Q 523 5
F 931 667
F 534 360
F 469 751
F 992 679
F 207 351
F 139 412
F 919 484
Q 232 623
Q 251 501
Q 351 656
F 468 690
Q 631 270
Q 840 135
Q 839 713
Q 494 609
F 664 437
Q 90 361
Q 288 966
Q 164 525
F 253 545
Q 458 506
F 228 170
Q 690 474
F 94 284
Q 597 100
Q 311 622
Q 819 902
Q 369 146
Q 391 449
F 869 985
Q 563 468
F 680 537
F 486 723
F 165 66
F 540 914
F 458 714
F 870 491
Q 180 72
F 3 236
Q 675 110
F 233 435
Q 558 194
F 114 456
Q 297 905
Q 410 373
F 928 227
Q 560 667
Q 22 836
Q 85 572
F 729 45
Q 130 933
Q 281 677
Q 843 662
F 451 716
Q 840 431
F 852 676
F 245 624
F 63 310
Q 283 884
F 753 436
Q 83 938
F 257 88
Q 776 477
Q 54 28
Q 86 967
F 723 546
F 674 669
F 820 192
Q 145 20
F 980 932
Q 835 472
Q 393 370
Q 692 353
F 134 105
F 251 185
F 502 245
F 933 786
Q 441 41
F 240 762
Q 889 904
Q 495 967
Q 63 510
Q 382 258
F 807 477
F 963 603
F 748 807
F 229 455
Q 782 506
Q 142 64
F 483 153
Q 328 421
F 287 282
Q 40 240
Q 76 247
F 117 879
F 154 694
Q 658 399
F 600 962
F 867 200
F 391 912
F 79 119
Q 223 478
Q 947 894
F 119 722
F 89 66
F 375 587
F 167 581
F 106 586
F 882 639
Q 681 538
F 905 491
Q 129 933
Q 19 680
Q 181 116
Q 281 349
F 772 239
Q 396 414
F 388 833
Q 891 974
Q 195 755
F 251 616
F 480 357
Q 34 507
Q 751 378
Q 207 811
Q 636 425
Q 161 637
Q 791 467
F 573 935
F 817 958
F 103 419
Q 491 688
Q 499 656
F 158 547
F 23 258
Q 422 196
Q 824 799
Q 877 765
F 465 112
F 541 431
Q 930 723
F 400 229
Q 222 974
F 347 692
Q 919 480
F 41 468
F 955 58
Q 990 986
Q 274 520
F 815 213
F 222 272
F 498 99
Q 870 361
F 911 607
F 753 903
F 542 978
F 66 504
F 652 139
F 59 542
F 724 852
F 941 745
Q 860 656
Q 214 748
F 520 23
Q 219 406
Q 33 298
Q 874 59
F 686 254
Q 11 609
Q 974 954
Q 399 329
F 627 363
Q 644 359
F 56 165
Q 703 651
F 369 712
F 840 728
F 684 208
F 310 892
Q 406 984
F 476 248
Q 589 702
Q 822 520
Q 651 652
Q 28 878
F 784 605
F 200 714
F 313 320
F 89 23
Q 95 633
Q 922 856
F 545 245
Q 769 216
F 60 220
F 515 344
F 491 971
Q 815 621
Q 581 464
Q 498 288
Q 347 21
F 856 688
F 920 994
F 694 951
Q 775 899
F 71 727
Q 823 229
F 843 753
Q 489 785
Q 442 531
F 870 506
Q 218 538
Q 944 145
F 254 831
F 242 375
F 156 570
Q 355 465
Q 890 862
Q 45 58
F 797 380
Q 459 244
Q 842 702
Q 359 33
Q 693 770
F 679 760
F 372 250
Q 943 202
Q 979 791
F 425 784
Q 62 581
Q 157 671
F 99 889
F 446 907
F 288 140
F 705 423
Q 653 791
Q 346 180
Q 389 349
Q 881 867
F 155 988
F 24 211
F 457 772
Q 448 746
Q 743 386
F 99 4
F 215 67
Q 853 899
F 307 7
F 941 840
Q 657 627
F 561 565
Q 660 234
Q 297 240
F 653 727
F 728 423
Q 346 45
F 263 924
Q 957 264
Q 173 251
F 56 247
Q 322 608
Q 933 49
Q 318 891
F 526 821
F 141 702
Q 14 772
F 337 159
Q 13 18
Q 31 404
Q 448 919
F 37 747
F 24 979
Q 789 699
Q 290 774
Q 955 504
F 206 885
F 472 307
Q 751 992
F 967 601
F 317 273
F 374 292
Q 413 278
Q 803 260
F 563 58
Q 25 529
F 622 577
F 759 880
Q 417 783
F 695 787
F 183 975
F 377 255
F 151 520
Q 195 911
Q 688 156
F 707 492
F 51 438
F 264 707
Q 251 957
F 260 873
F 283 294
F 957 254
F 801 886
Q 714 877
F 481 577
Q 394 671
Q 219 796
F 346 627
F 610 770
Q 548 750
Q 663 498
F 341 155
Q 163 40
F 330 354
F 598 256
F 439 794
F 521 328
F 122 961
F 316 901
Q 919 413
Q 702 798
Q 400 742
F 619 931
F 968 63
F 654 933
Q 493 431
F 818 950
F 181 324
Q 450 488
F 333 682
F 644 657
Q 959 99
F 731 572
Q 114 765
F 155 102
F 752 583
F 675 115
Q 572 140
Q 679 171
Q 899 689
F 497 161
F 456 14
F 853 585
F 765 745
Q 89 753
Q 284 48
Q 355 330
F 216 111
F 883 607
F 852 372
F 847 138
Q 893 610
F 107 879
F 724 244
F 440 312
F 569 364
F 685 313
Q 957 509
Q 172 835
Q 474 429
Q 261 86
Q 839 184
Q 486 628
F 875 395
F 33 979
Q 722 119
F 87 884
F 628 620
Q 460 529
Q 318 197
Q 21 20
F 671 958
F 59 574
F 277 497
Q 659 586
F 299 832
F 313 300
Q 669 703
F 260 326
F 855 461
Q 946 871
Q 689 823
F 200 516
F 551 568
Q 963 905
Q 764 858
F 245 438
Q 824 668
F 659 729
F 586 539
F 332 646
Q 376 213
F 9 203
F 397 872
F 429 589
Q 862 7
Q 502 991
Q 679 949
F 11 180
F 721 881
F 320 23
Q 933 885
Q 675 970
F 609 728
Q 977 227
Q 375 662
Q 755 554
F 324 774
Q 990 92
F 579 758
F 170 937
F 254 966
Q 959 92
Q 570 214
F 283 880
Q 852 93
F 379 303
Q 127 630
Q 263 397
F 89 752
Q 118 858
F 765 647
F 811 792
F 312 54
Q 872 319
Q 819 0
F 239 904
F 111 973
Q 645 913
Q 343 650
Q 331 689
F 364 592
Q 307 681
F 895 361
F 586 655
F 531 455
Q 412 644
Q 29 893
F 343 978
Q 64 70
F 137 772
Q 398 705
Q 294 673
F 134 719
F 214 389
F 130 501
Q 207 397
F 245 684
Q 175 670
F 934 775
F 651 974
F 551 992
F 920 383
Q 649 454
F 673 918
F 396 408
Q 441 869
F 730 557
F 481 495
Q 821 878
F 616 846
F 800 476
F 591 931
F 710 21
Q 178 79
Q 419 151
Q 565 400
F 659 150
F 741 371
Q 470 74
F 608 713
F 373 363
F 982 159
Q 592 962
Q 118 94
Q 475 924
Q 543 970
F 128 719
F 598 718
Q 682 906
Q 749 68
F 888 989
Q 235 918
F 510 534
Q 459 743
F 948 533
F 622 552
F 870 759
Q 547 516
F 208 141
F 746 542
Q 987 892
F 913 556
Q 983 106
Q 980 338
Q 898 106
Q 356 114
F 375 858
F 250 814
F 737 510
F 196 734
Q 12 234
F 627 614
Q 561 398
Q 31 785
F 5 142
Q 421 716
F 74 159
F 767 994
Q 674 96
Q 280 501
Q 822 381
F 82 328
F 179 50
F 530 732
Q 353 429
F 64 68
F 476 654
F 189 125
F 195 764
F 639 479
Q 156 691
F 563 958
Q 84 390
Q 343 398
F 426 714
F 462 95
F 361 357
F 888 111
Q 804 977
Q 1 23
Q 546 2
Q 192 899
F 131 468
Q 576 83
F 445 904
Q 116 32
F 785 494
F 115 693
Q 899 246
F 327 407
F 860 294
F 570 68
Q 218 364
Q 74 730
Q 196 521
Q 338 458
Q 832 270
F 963 702
F 329 514
F 274 291
Q 485 256
Q 353 634
Q 849 547
Q 705 815
Q 759 642
Q 651 141
Q 276 621
F 468 969
Q 481 755
Q 154 74
F 939 883
Q 184 544
F 492 495
Q 337 277
Q 118 95
Q 455 9
F 842 606
F 570 772
F 57 126
F 872 845
F 349 93
F 334 282
F 84 277
F 952 720
Q 507 29
Q 917 630
F 561 443
Q 629 915
Q 540 172
F 297 737
F 700 140
Q 630 979
Q 522 188
Q 370 561
F 569 294
Q 367 858
F 610 884
Q 328 335
Q 291 699
F 752 560
F 288 180
Q 108 691
F 422 575
F 213 895
Q 922 658
Q 866 283
F 568 293
F 326 670
F 471 425
F 495 264
Q 127 128
Q 128 671
F 84 81
F 508 365
Q 740 609
F 382 427
Q 378 85
Q 863 919
Q 65 790
Q 163 462
Q 611 72
F 106 944
F 549 13
F 448 644
F 183 47
F 797 708
F 37 381
F 211 98
Q 931 247
Q 184 780
F 396 903
F 85 538
Q 306 257
F 538 385
F 936 191
Q 961 305
F 70 798
Q 640 335
Q 100 483
Q 680 734
F 415 560
Q 555 364
Q 973 797
F 102 660
F 536 153
F 665 885
F 9 334
F 752 60
F 686 561
F 225 545
F 105 796
Q 594 575
Q 865 613
F 571 346
F 352 633
F 538 667
F 260 251
Q 325 570
Q 508 775
F 888 864
F 212 865
Q 567 645
F 606 145
F 609 210
Q 85 69
Q 650 13
Q 644 944
Q 880 720
F 828 572
F 929 525
Q 928 136
Q 691 444
F 552 949
F 243 388
F 430 790
F 773 879
F 707 629
Q 202 145
Q 14 976
Q 888 82
Q 194 781
Q 683 655
Q 445 400
F 624 882
F 102 641
Q 304 460
Q 823 151
Q 10 987
Q 22 338
F 544 768
F 485 214
Q 572 665
Q 427 536
F 300 577
Q 430 168
Q 279 580
Q 713 710
F 925 671
Q 951 473
F 316 134
Q 955 457
F 760 83
Q 389 73
F 357 576
Q 943 368
Q 803 120
Q 976 439
F 389 562
F 108 584
Q 710 663
F 956 707
Q 677 572
F 515 542
Q 557 370
Q 900 358
F 740 137
Q 329 67
F 925 556
F 409 191
Q 864 739
Q 539 740
Q 860 272
Q 987 218
Q 783 57
F 281 647
Q 563 768
Q 739 889
Q 626 634
F 722 199
Q 287 859
F 680 589
F 46 283
Q 479 173
Q 692 647
Q 711 103
F 796 467
F 13 503
Q 58 602
Q 568 244
Q 189 861
Q 229 178
F 30 281
F 541 526
F 186 571
F 519 393
F 903 177
Q 647 824
Q 479 787
F 256 148
Q 549 920
Q 591 882
Q 142 210
Q 825 415
Q 45 377
Q 838 202
Q 10 124
F 803 123
F 317 849
F 9 351
F 917 680
F 468 713
Q 994 462
Q 374 661
Q 774 348
F 399 413
Q 331 445
Q 46 930
F 786 947
Q 559 415
Q 182 162
F 511 467
F 484 743
F 805 489
F 720 281
F 661 56
F 63 249
Q 820 437
F 228 986
Q 76 631
F 747 936
F 572 164
F 206 561
F 437 34
F 386 271
Q 709 239
Q 100 118
Q 651 833
F 905 290
Q 248 621
Q 314 130
F 752 552
Q 581 665
Q 959 245
F 254 548
Q 623 813
Q 461 568
F 585 9
F 717 87
Q 248 988
F 670 781
F 708 838
F 624 506
F 520 491
Q 524 628
Q 443 89
F 292 276
F 863 482
F 697 904
F 721 839
Q 798 498
Q 336 169
Q 931 114
Q 788 953
Q 58 103
Q 694 507
F 460 441
Q 276 41
Q 984 651
F 292 437
Q 783 173
Q 141 64
Q 228 153
Q 4 627
Q 218 407
Q 361 245
Q 846 693
Q 116 667
Q 684 612
Q 478 195
Q 652 154
F 665 49
Q 857 56
F 903 777
F 185 906
F 288 335
F 933 982
F 89 682
Q 880 3
Q 237 972
F 896 678
Q 660 931
F 763 477
Q 628 71
F 767 605
Q 982 169
Q 435 868
Q 309 939
F 883 617
F 442 845
Q 43 481
Q 6 346
Q 709 621
F 125 391
F 636 919
F 581 779
F 376 433
F 823 197
F 467 993
F 232 313
F 326 416
F 354 725
F 115 275
F 925 266
F 251 768
F 540 577
Q 534 872
F 664 679
Q 555 498
F 266 268
Q 636 174
Q 418 112
Q 13 982
Q 746 212
F 60 720
F 592 25
F 553 226
Q 916 119
F 809 497
Q 762 947
Q 246 627
F 98 792
F 621 59
F 924 154
F 563 768
F 595 948
F 787 249
Q 518 758
F 488 728
Q 368 81
F 713 897
F 968 24
Q 204 280
Q 208 149
F 954 330
Q 929 367
Q 202 396
Q 104 679
F 401 33
F 441 89
Q 330 827
Q 232 277
F 379 428
Q 436 71
F 273 134
Q 635 316
F 27 940
Q 459 458
