997 990
0 )
0 )
2 )
3 (
4 )
5 (
6 )
7 (
8 )
9 (
10 )
0 )
12 )
13 )
14 (
15 (
16 )
17 (
18 )
19 )
20 (
21 (
22 (
23 )
24 )
25 (
26 )
27 )
28 )
29 (
30 )
31 )
32 (
33 )
34 (
35 )
36 )
37 )
38 )
39 (
40 )
41 (
42 )
43 )
44 )
45 (
46 )
47 )
48 (
49 (
0 )
51 )
52 (
53 (
54 (
55 (
56 )
57 )
58 (
59 )
60 )
61 (
62 (
63 )
64 (
65 )
66 (
67 (
68 )
69 )
70 )
71 )
72 (
73 )
74 (
75 (
76 )
77 (
78 (
79 )
80 (
81 )
82 )
83 )
84 (
85 )
86 (
87 )
88 (
89 )
90 )
91 )
92 )
93 (
94 )
95 (
96 (
97 )
98 )
99 (
100 )
101 (
102 )
103 )
104 (
105 )
106 (
107 )
108 )
109 )
110 )
111 )
112 )
113 )
114 )
115 (
116 (
117 )
118 (
119 )
120 )
121 (
122 )
123 )
124 )
125 )
126 (
127 (
128 )
129 )
130 )
131 )
132 )
133 )
134 )
135 (
136 )
137 (
138 )
139 (
140 )
141 )
142 )
143 (
144 (
145 (
146 (
147 (
148 (
149 (
150 )
151 )
152 (
153 (
154 (
155 )
156 (
157 )
158 (
159 )
160 (
161 (
162 (
163 )
164 (
165 )
166 (
167 )
168 (
169 )
170 )
171 (
172 (
173 )
174 (
175 (
176 )
177 (
178 )
179 )
180 )
181 (
182 (
183 )
184 )
185 )
186 (
187 (
188 (
189 (
190 (
191 )
192 )
193 )
194 )
195 )
196 )
197 (
198 )
199 )
200 (
201 )
202 )
203 )
204 )
205 )
206 (
207 )
208 (
209 (
210 (
211 )
212 (
213 )
214 )
215 (
216 (
217 )
218 (
219 (
220 )
221 (
222 (
223 )
224 )
225 (
226 (
227 (
228 (
229 (
230 (
231 (
232 )
233 (
234 )
235 )
236 (
237 )
238 )
239 )
240 (
241 (
242 )
0 (
244 )
245 (
246 (
247 )
248 (
249 (
250 )
251 )
252 )
253 )
254 (
255 (
256 )
257 )
258 )
259 (
260 )
261 (
262 (
263 (
264 )
265 (
266 (
267 )
268 )
269 (
270 )
271 (
272 (
273 (
274 )
275 (
276 )
277 )
278 (
279 (
280 (
281 )
282 )
283 )
284 (
285 )
286 )
287 (
288 )
289 )
290 )
291 )
292 )
293 )
294 )
295 )
296 )
297 (
298 (
299 (
300 )
301 )
302 (
303 (
304 (
305 )
306 (
307 (
308 (
309 )
310 (
311 )
312 (
313 (
314 (
315 (
316 (
317 )
318 (
319 )
320 )
321 (
322 )
323 (
324 (
325 )
326 )
327 )
328 (
329 )
330 )
331 (
332 )
333 (
334 )
335 (
336 (
337 (
338 (
339 (
340 (
341 (
342 (
343 (
344 )
345 (
346 )
347 (
348 (
349 )
350 )
351 (
352 (
353 (
354 )
355 )
356 (
357 (
358 (
359 (
360 (
361 )
362 )
363 )
364 )
365 )
366 (
367 (
368 )
369 )
370 )
371 )
372 )
373 (
374 (
375 (
376 (
377 (
378 )
379 (
380 (
381 (
382 (
383 )
384 )
385 )
386 (
387 )
388 )
389 )
390 (
391 (
392 )
393 (
394 (
395 (
396 )
397 )
398 (
399 (
400 (
401 )
402 )
403 )
404 )
405 )
406 )
407 (
408 )
409 (
410 (
411 (
412 )
413 )
414 (
415 )
416 (
417 )
418 (
419 )
420 )
421 )
422 )
423 (
424 (
425 )
426 (
427 (
428 (
429 )
430 (
431 )
432 )
433 )
434 (
435 (
436 (
437 )
438 (
439 (
440 (
441 (
442 (
443 )
444 )
445 (
446 (
447 )
448 )
449 (
450 )
451 )
452 (
453 (
454 (
455 )
456 )
457 )
458 (
459 (
460 )
461 )
462 (
463 (
464 )
465 (
466 )
467 )
468 )
469 (
470 )
471 )
472 )
473 (
474 (
475 (
476 (
477 )
478 (
479 )
480 (
481 )
482 (
483 )
484 )
485 (
486 )
487 )
488 )
489 (
490 (
491 )
492 (
493 (
494 (
495 )
496 (
497 )
498 )
499 )
500 (
501 )
502 (
503 (
504 )
505 )
506 )
507 )
508 (
509 )
510 )
511 )
512 (
513 )
514 (
515 (
516 )
517 (
518 (
519 (
520 )
521 (
522 )
523 (
524 )
525 (
526 (
527 )
528 (
529 )
530 (
531 )
532 )
533 (
534 (
535 )
536 )
537 (
538 )
539 (
540 )
541 (
542 )
543 (
544 (
545 (
546 )
547 )
548 (
549 )
550 (
551 )
552 )
553 (
554 )
555 (
556 )
557 )
558 )
559 (
560 (
561 (
562 (
563 )
564 )
565 (
566 (
567 (
568 )
569 )
570 (
571 (
572 )
573 )
574 (
575 )
576 )
577 (
578 )
579 (
580 (
581 )
582 (
583 )
584 )
585 )
586 (
587 )
588 )
589 (
590 (
591 (
592 )
593 )
594 (
595 )
596 )
597 )
598 (
599 )
600 (
601 )
602 )
603 )
604 )
605 )
606 )
607 (
608 )
609 (
610 (
611 )
612 (
613 (
614 (
615 (
616 (
617 (
618 (
619 (
620 )
621 (
622 )
623 (
624 )
625 (
626 (
627 )
628 )
629 )
630 (
631 )
632 (
633 )
634 )
635 )
636 )
637 )
638 )
639 )
640 (
641 )
642 (
643 )
644 (
645 )
646 )
647 (
648 )
649 (
650 )
651 )
652 (
653 (
654 )
655 )
656 (
657 (
658 )
659 (
660 (
661 (
662 )
663 )
664 )
665 )
666 (
667 (
668 (
669 (
670 (
671 (
672 )
673 )
674 )
675 )
676 )
677 )
678 )
679 (
680 (
681 (
682 )
683 (
684 (
685 )
686 )
687 (
688 (
689 )
690 (
691 )
692 (
693 (
694 )
695 (
696 )
697 )
698 (
699 (
700 )
701 )
702 (
703 (
704 (
705 (
706 (
707 )
708 (
709 (
710 (
711 )
712 )
713 )
714 )
715 (
716 )
717 (
718 )
719 )
720 )
721 )
722 )
723 (
724 )
725 )
726 )
727 (
728 (
729 (
730 (
731 )
732 (
733 )
734 (
735 (
736 (
737 )
738 )
739 )
740 )
741 (
742 (
743 )
744 )
745 )
746 )
747 (
748 (
749 (
750 )
751 (
752 )
753 )
754 (
755 (
756 )
757 (
758 (
759 )
760 (
761 (
762 )
763 (
764 )
765 (
766 )
767 )
768 (
769 (
770 (
771 (
772 (
773 (
774 )
775 )
776 )
777 )
778 (
779 (
780 (
781 )
782 (
783 )
784 )
785 (
786 (
787 )
788 (
789 )
790 )
791 (
792 (
793 )
794 )
795 )
796 (
797 (
798 (
799 )
800 (
801 (
802 (
803 )
804 (
805 (
806 )
807 )
808 )
809 )
810 (
811 (
812 )
813 (
814 (
815 )
816 )
817 )
818 )
819 )
820 (
821 )
822 )
823 )
824 (
825 )
826 (
827 )
828 (
829 (
830 (
831 (
832 (
833 (
834 (
835 (
836 (
837 )
838 )
839 )
840 )
841 )
842 )
843 )
844 )
845 )
846 )
847 )
848 )
849 (
850 )
851 (
852 (
853 (
854 )
855 )
856 )
857 (
858 )
859 )
860 (
861 (
862 (
863 )
864 )
865 (
866 (
867 )
868 (
869 (
870 )
871 (
872 (
873 (
874 )
875 (
876 )
877 (
878 )
879 )
880 (
881 )
882 (
883 (
884 (
885 (
886 (
887 (
888 )
889 (
890 )
891 )
892 (
893 )
894 )
895 (
896 )
897 (
898 )
899 )
900 (
901 )
902 )
903 )
904 )
905 )
906 (
907 )
908 (
909 (
910 (
911 )
912 )
913 (
914 (
915 )
916 (
917 (
918 (
919 (
920 (
921 (
922 (
923 )
924 )
925 (
926 )
927 (
928 (
929 )
930 )
931 )
932 )
933 (
934 (
935 (
936 (
937 (
938 (
939 )
940 (
941 (
942 (
943 (
944 (
945 (
946 )
947 (
948 )
949 )
950 )
951 )
952 (
953 (
954 (
955 (
956 (
957 )
958 )
959 (
960 (
961 (
962 (
963 )
964 )
965 (
966 )
967 )
968 )
969 )
970 (
971 (
972 )
973 (
974 (
975 )
976 )
977 (
978 (
979 )
980 (
981 (
982 (
983 )
984 )
985 )
986 (
987 (
988 )
989 (
990 )
991 (
992 )
993 )
994 )
995 )
Q 146 332
Q 971 724
F 652 124
Q 455 33
Q 741 335
Q 617 538
F 564 81
F 141 808
F 866 461
F 561 465
Q 643 432
F 686 385
Q 209 157
F 421 83
Q 657 775
Q 954 944
Q 986 194
Q 540 994
Q 391 498
Q 229 664
Q 227 464
F 799 107
F 606 515
Q 730 68
Q 904 116
Q 543 153
Q 199 305
Q 665 252
Q 678 750
F 893 636
Q 917 624
Q 970 844
Q 544 815
Q 660 564
F 167 175
Q 583 764
F 179 589
F 648 692
Q 212 746
Q 732 894
Q 58 31
Q 51 705
Q 694 731
F 978 485
F 878 870
F 667 643
F 170 22
Q 691 386
F 217 909
Q 875 661
Q 26 784
F 533 910
Q 10 886
Q 927 150
F 656 70
Q 473 662
F 343 364
F 663 918
F 133 669
Q 383 681
Q 852 495
F 334 720
Q 244 422
F 425 934
F 567 86
F 583 241
Q 207 699
F 630 913
F 448 641
Q 682 865
Q 454 256
Q 741 365
Q 686 923
Q 246 971
Q 738 936
F 453 766
Q 799 562
Q 723 768
Q 182 567
Q 311 272
Q 431 32
F 375 11
F 710 396
Q 531 105
Q 614 364
Q 353 795
Q 404 524
Q 581 966
F 92 218
Q 45 591
Q 58 290
F 270 484
F 174 10
Q 687 227
Q 544 618
F 1 683
Q 184 987
Q 206 941
F 852 829
F 306 753
Q 691 938
Q 868 294
Q 512 529
F 14 112
Q 280 189
F 984 818
Q 512 780
F 64 800
Q 12 71
Q 899 803
Q 25 69
F 893 545
Q 116 849
Q 42 760
F 836 307
Q 714 653
Q 891 342
Q 436 73
F 186 665
Q 742 977
Q 381 474
F 207 421
F 68 127
F 979 78
F 223 89
Q 707 765
F 642 738
Q 566 951
Q 687 373
F 451 606
Q 908 242
Q 944 76
Q 880 197
F 185 148
Q 715 395
F 515 35
Q 407 927
F 957 559
F 489 374
Q 961 891
Q 60 277
F 582 833
Q 59 507
F 854 309
F 180 503
F 331 508
F 504 750
Q 31 711
Q 506 404
F 692 855
F 935 674
F 581 790
Q 372 900
Q 288 366
F 24 589
Q 873 519
Q 734 606
F 935 258
Q 369 257
Q 253 531
Q 381 354
Q 486 72
F 991 129
Q 605 942
F 754 734
Q 588 957
F 129 995
Q 102 580
Q 610 266
Q 304 643
F 343 665
F 874 641
Q 242 287
Q 873 272
Q 149 52
Q 247 424
F 13 711
F 410 745
Q 308 140
F 588 952
F 427 141
Q 17 840
Q 551 191
Q 61 838
F 955 225
Q 235 263
F 52 626
F 961 546
Q 755 667
Q 402 594
F 894 239
Q 45 634
Q 27 451
Q 687 48
Q 62 901
Q 826 107
F 539 471
F 230 364
Q 141 396
F 488 441
F 607 648
Q 574 877
Q 725 90
Q 585 310
Q 482 728
F 245 248
Q 600 735
F 521 568
F 841 339
F 407 885
Q 824 502
Q 773 119
Q 546 358
Q 731 905
Q 929 322
F 366 414
F 792 31
Q 35 804
F 866 205
Q 54 251
F 73 629
Q 493 520
F 599 561
Q 290 32
Q 218 510
Q 721 435
Q 415 573
Q 897 778
F 150 751
Q 819 923
F 657 492
F 400 822
F 503 71
Q 153 401
Q 272 400
F 303 982
F 154 720
Q 231 317
F 703 466
F 260 432
Q 991 748
F 262 167
F 809 317
Q 49 459
F 369 769
F 851 39
Q 786 788
F 114 343
F 415 483
Q 431 28
Q 991 477
Q 467 36
F 845 925
F 580 522
Q 876 508
F 445 79
Q 186 605
Q 137 384
Q 167 829
F 456 682
F 242 193
Q 411 420
Q 764 807
Q 107 625
Q 453 657
Q 863 522
F 938 482
F 972 507
F 47 292
Q 923 49
Q 726 65
Q 875 956
Q 391 839
F 339 869
Q 768 89
F 143 465
Q 977 531
F 876 334
F 234 665
Q 604 481
F 629 19
Q 871 882
Q 14 319
F 212 929
F 494 515
F 200 524
Q 64 964
Q 544 955
F 350 103
Q 123 979
Q 689 570
Q 125 360
Q 396 507
Q 16 729
F 164 901
Q 346 520
Q 250 161
Q 397 323
F 301 654
F 968 249
Q 749 614
Q 307 598
F 272 316
F 712 89
F 942 328
Q 394 800
Q 922 203
Q 598 136
Q 987 302
F 947 217
Q 434 830
Q 20 86
F 819 250
F 395 67
F 583 28
F 248 275
F 247 568
F 824 556
F 469 354
F 12 11
Q 357 54
F 133 114
F 26 762
F 405 559
Q 535 845
Q 813 815
F 226 983
Q 779 195
F 16 107
F 972 945
F 186 561
F 310 695
Q 780 903
Q 434 133
Q 174 809
Q 130 439
F 213 301
Q 897 646
F 940 671
F 229 656
Q 224 460
F 148 576
Q 161 285
F 272 496
Q 769 89
Q 520 11
F 230 377
Q 19 748
F 82 268
Q 701 495
F 113 877
Q 943 929
F 701 44
Q 950 72
Q 314 828
Q 610 957
Q 261 288
F 179 126
F 178 334
Q 531 420
F 591 754
Q 29 589
F 769 549
F 208 687
F 645 581
F 340 495
Q 562 932
F 868 629
Q 219 378
F 947 993
F 669 782
Q 918 13
Q 975 690
Q 948 420
Q 899 734
F 67 482
F 513 688
F 205 864
Q 619 41
Q 849 651
Q 433 34
Q 841 127
Q 556 621
F 475 397
F 753 232
F 153 19
F 855 383
Q 426 373
F 278 209
F 439 693
Q 828 827
F 965 890
F 305 681
F 714 219
Q 29 105
Q 172 716
F 974 920
Q 267 429
Q 228 974
F 748 418
Q 226 643
F 871 510
F 439 399
Q 290 37
Q 610 774
F 462 446
F 723 401
Q 915 685
Q 170 620
Q 926 157
Q 994 297
F 314 113
F 287 434
F 431 167
F 216 378
F 505 334
F 44 857
Q 407 443
Q 217 199
F 844 329
Q 831 888
Q 204 88
Q 986 242
Q 596 934
F 697 748
F 660 40
F 603 269
F 111 971
F 886 759
F 959 715
Q 451 662
F 761 739
F 639 644
Q 948 148
Q 859 310
Q 451 739
F 295 153
Q 405 197
F 217 952
F 812 996
F 849 635
Q 443 429
Q 504 898
Q 409 708
Q 565 817
Q 904 895
Q 200 919
F 863 403
F 114 119
Q 294 557
F 789 434
F 377 529
Q 636 225
F 677 322
F 821 635
F 746 144
Q 760 764
F 210 770
Q 241 873
Q 363 953
Q 89 495
Q 774 138
Q 172 884
F 33 615
Q 718 652
Q 392 779
Q 288 618
Q 399 508
Q 686 42
F 717 509
F 70 322
Q 341 906
F 783 665
F 567 395
Q 700 489
F 221 273
Q 603 823
Q 533 683
Q 904 387
F 487 270
F 292 852
Q 127 745
F 529 907
Q 322 763
Q 650 510
F 365 352
Q 234 810
Q 769 14
F 192 326
Q 611 29
F 239 792
F 458 886
Q 169 299
F 417 240
F 85 861
F 652 526
Q 697 618
Q 947 49
F 229 193
Q 600 864
F 118 317
F 830 568
F 973 736
F 150 530
F 315 415
Q 913 145
Q 368 693
Q 993 687
F 795 841
F 317 230
F 673 855
Q 641 693
F 408 247
Q 407 134
F 539 159
Q 311 582
Q 437 288
Q 469 59
F 555 438
Q 882 873
Q 544 111
F 859 263
F 950 521
F 613 598
F 16 142
F 971 18
F 386 808
Q 390 915
F 516 117
Q 785 873
Q 957 489
F 17 682
Q 599 169
Q 370 484
F 699 768
F 862 49
F 321 780
Q 85 636
F 439 181
Q 611 247
F 638 7
F 704 203
F 83 158
F 812 250
Q 367 631
F 305 559
F 393 969
F 951 282
F 263 119
Q 126 335
F 402 566
F 576 789
F 283 156
F 702 369
F 996 240
F 265 179
Q 719 652
F 672 949
F 221 216
F 245 353
F 198 636
F 941 403
Q 425 680
Q 106 405
Q 936 85
Q 346 680
Q 463 479
F 519 784
Q 99 552
Q 661 452
Q 577 373
Q 162 652
F 244 621
F 750 58
F 829 633
Q 917 230
F 564 421
F 302 86
Q 172 102
Q 709 204
Q 49 286
F 235 597
Q 243 461
Q 161 934
F 558 54
Q 708 182
F 284 310
F 355 75
F 164 327
F 672 691
Q 526 747
Q 226 380
F 50 566
Q 860 339
F 433 643
F 484 348
Q 548 750
F 630 751
F 151 65
F 884 44
Q 421 750
F 721 112
F 948 398
Q 496 740
Q 388 249
Q 292 153
Q 556 202
F 680 348
Q 158 229
Q 625 912
F 945 955
F 626 106
F 89 116
F 390 414
F 565 307
Q 163 240
Q 785 144
F 314 818
F 504 117
F 848 387
F 576 416
Q 148 955
F 155 317
F 102 20
Q 297 361
F 642 36
F 921 427
F 203 763
Q 669 558
F 228 359
Q 610 609
Q 307 428
F 910 756
Q 535 189
F 416 188
F 326 480
F 41 398
Q 527 304
F 952 169
Q 948 54
Q 405 282
F 337 686
Q 719 311
F 378 513
Q 855 850
Q 134 282
F 3 825
Q 309 192
Q 201 337
Q 784 822
Q 642 88
Q 322 2
F 738 421
F 455 832
F 60 502
F 233 808
Q 356 711
Q 147 0
F 174 257
Q 726 50
Q 181 699
Q 514 500
F 794 362
Q 1 681
Q 570 740
Q 376 696
Q 502 606
Q 784 34
Q 639 899
F 652 78
Q 604 979
Q 460 867
Q 630 171
F 579 854
F 524 315
F 581 46
F 592 774
F 378 772
F 4 140
F 591 99
F 294 362
Q 497 679
Q 302 349
F 716 583
F 67 177
Q 616 207
F 558 811
F 972 463
F 867 880
F 4 311
Q 784 103
Q 845 486
F 95 308
F 490 254
F 445 611
F 228 562
Q 746 718
F 841 928
Q 71 13
F 27 348
F 941 210
Q 148 108
F 308 386
Q 989 739
F 74 570
Q 471 406
Q 38 787
F 16 862
F 689 672
Q 957 414
Q 476 611
Q 614 950
F 929 856
F 175 962
F 777 9
Q 785 357
F 98 94
F 845 865
Q 647 386
F 111 394
Q 963 156
F 253 745
Q 781 720
Q 683 992
Q 679 627
F 379 635
F 517 576
Q 245 521
F 212 906
F 180 336
Q 258 402
Q 933 30
Q 941 226
Q 180 993
Q 664 775
Q 33 258
Q 223 713
Q 377 497
Q 851 108
F 659 699
F 570 450
F 542 422
F 113 486
Q 761 10
Q 262 303
F 376 671
F 868 251
F 719 965
Q 1 489
Q 18 576
Q 480 659
F 609 323
Q 763 197
F 599 304
F 125 959
F 913 144
F 981 364
Q 39 370
F 351 987
Q 87 969
F 966 560
F 81 110
F 833 934
F 618 642
Q 500 547
F 464 222
Q 300 554
F 582 564
Q 502 72
Q 292 95
Q 441 905
Q 568 911
Q 159 167
F 493 235
Q 696 940
F 920 994
F 611 766
F 265 16
Q 477 664
F 108 475
F 887 286
Q 141 735
F 123 887
Q 588 132
F 313 260
Q 718 934
Q 95 184
F 747 960
Q 506 790
Q 440 575
F 832 37
Q 632 667
Q 40 467
Q 449 393
F 349 129
F 18 645
Q 59 889
F 787 609
Q 512 840
Q 843 614
F 214 105
F 846 3
Q 445 490
Q 7 774
Q 234 354
F 189 673
Q 385 669
F 46 591
Q 9 601
Q 551 626
Q 515 387
Q 818 399
Q 838 146
Q 700 280
Q 209 533
F 617 765
F 71 328
Q 150 417
Q 870 625
Q 176 531
Q 38 706
Q 547 959
Q 211 823
Q 867 24
Q 756 603
Q 917 826
Q 72 388
F 393 974
Q 853 615
F 926 319
Q 372 855
F 711 948
Q 932 470
F 618 294
F 863 325
F 445 693
F 206 458
F 868 416
Q 574 157
F 29 837
Q 876 532
F 219 797
Q 725 524
F 91 524
F 137 580
Q 638 958
Q 560 336
Q 849 627
F 734 201
F 320 717
F 542 732
F 252 740
Q 692 964
Q 673 68
F 672 411
Q 970 389
F 537 912
F 820 564
Q 971 300
F 105 238
F 838 269
Q 33 216
F 847 816
Q 303 229
F 108 424
Q 732 597
Q 864 23
F 839 941
Q 292 879
F 768 836
Q 771 755
F 257 229
Q 233 804
Q 928 135
F 136 132
F 962 223
F 315 502
F 924 762
F 540 897
F 930 547
Q 562 739
Q 891 520
F 35 580
F 419 862
Q 701 648
F 218 769
Q 253 926
Q 909 329
Q 213 684
Q 141 478
F 82 395
Q 602 151
F 503 469
Q 246 710
F 721 487
Q 573 856
F 851 471
F 602 434
F 730 425
Q 520 253
F 388 251
Q 194 364
Q 944 255
Q 718 845
Q 470 505
F 348 768
F 511 923
F 921 590
Q 556 704
Q 828 807
F 850 98
F 787 803
Q 709 563
F 53 20
F 212 747
F 48 920
F 29 866
Q 278 113
Q 149 942
F 236 401
F 727 589
F 383 310
F 102 300
Q 240 387
Q 426 775
F 454 651
Q 117 291
F 34 410
Q 396 689
F 490 483
Q 13 277
Q 303 891
F 808 165
F 847 98
F 592 100
F 517 910
Q 483 185
Q 699 726
Q 928 821
Q 257 595
F 221 294
F 407 26
F 272 800
F 38 499
F 484 850
F 661 593
Q 343 515
Q 776 838
F 215 693
F 246 430
F 283 525
Q 578 852
Q 113 686
F 634 128
F 457 63
F 158 229
F 162 165
Q 53 75
Q 52 638
F 866 78
Q 478 24
Q 885 220
F 865 687
Q 7 160
Q 854 732
Q 852 876
F 695 118
Q 590 974
F 150 181
Q 644 818
F 281 973
F 319 830
F 162 793
Q 284 793
Q 149 764
F 575 338
Q 7 568
Q 739 549
Q 183 188
F 121 586
Q 609 739
Q 16 615
F 40 177
F 60 588
Q 751 976
F 212 996
F 183 507
F 747 274
F 543 995
Q 280 281
