993 999
0 (
1 )
2 )
0 )
4 (
5 )
6 (
7 )
8 (
9 (
10 (
11 (
12 )
13 )
14 (
15 )
16 )
17 )
18 (
19 (
20 (
21 )
22 (
23 )
0 )
25 )
26 (
27 )
28 )
0 (
30 (
31 (
32 )
33 (
34 )
35 (
36 )
37 (
38 (
39 (
40 (
41 )
42 (
43 (
44 (
45 )
46 )
47 )
48 )
49 (
50 )
51 )
52 (
53 (
54 )
55 (
56 )
57 )
58 )
59 )
0 (
61 )
62 (
63 (
64 (
65 (
66 )
67 )
68 (
69 )
70 )
71 )
72 )
73 (
74 )
75 (
76 (
77 )
78 (
79 )
80 )
81 )
82 (
83 (
84 (
85 )
86 )
87 )
88 (
89 (
90 )
91 (
92 (
93 (
94 )
95 (
96 )
97 )
98 )
99 (
100 (
101 (
0 (
103 )
104 (
105 (
106 )
107 (
108 (
109 (
110 (
111 )
0 )
113 )
114 )
115 )
116 )
117 )
118 )
119 )
120 (
121 (
122 )
123 (
124 (
125 )
126 (
127 )
128 (
129 )
0 )
131 (
132 )
133 )
134 )
135 (
136 )
137 (
138 (
139 )
140 )
141 )
142 (
143 (
144 )
145 )
146 )
147 )
148 (
149 (
150 (
151 )
152 (
153 (
154 )
155 )
156 )
157 )
158 )
159 (
160 (
161 )
162 (
163 )
164 )
165 )
166 )
167 (
168 (
169 (
170 (
171 (
172 (
173 )
174 (
175 )
176 (
177 (
178 (
179 )
180 )
181 (
182 (
183 )
184 )
185 (
186 )
187 (
188 )
189 )
190 (
191 )
192 (
193 (
194 )
195 )
196 (
197 )
198 )
199 (
200 )
201 )
202 )
203 )
204 (
205 )
206 (
207 (
208 )
209 (
210 (
211 )
212 (
213 (
214 )
215 )
216 )
217 )
218 (
219 )
220 (
221 )
222 )
223 (
224 (
225 )
226 (
227 (
228 (
229 )
230 )
231 )
232 )
233 )
234 )
235 (
236 (
237 )
238 )
239 )
240 )
241 )
242 )
243 (
244 (
245 (
246 (
247 )
248 (
249 (
250 )
251 )
252 (
253 (
254 )
255 (
256 )
257 )
258 (
259 (
260 )
261 (
262 )
263 )
264 )
265 (
266 )
267 (
268 (
269 (
270 )
271 )
272 (
273 (
274 )
275 (
276 (
277 )
278 (
279 (
280 )
281 )
282 (
283 (
284 )
285 (
286 )
287 )
288 )
289 )
290 (
291 )
292 (
293 (
294 )
295 (
296 )
297 (
298 )
299 (
300 )
301 )
302 )
303 )
304 (
305 )
306 (
307 )
308 (
309 (
310 )
311 )
312 )
313 (
314 )
315 (
316 )
317 )
318 )
319 )
320 (
321 (
322 )
323 (
324 )
325 )
326 (
327 )
328 (
329 )
330 (
331 (
332 (
333 (
334 (
335 )
336 (
337 )
338 )
339 (
340 (
341 )
342 )
343 (
344 (
345 (
346 )
347 )
348 )
349 (
350 )
351 (
352 (
353 (
354 (
355 (
356 )
357 )
358 )
359 (
360 )
361 )
362 )
363 (
364 )
365 )
366 )
367 )
368 (
369 )
370 )
371 (
372 )
373 (
374 )
375 (
376 (
377 (
378 )
379 )
380 )
381 (
382 (
383 (
384 )
385 (
386 (
387 )
388 (
389 (
390 (
391 (
392 (
393 )
394 (
395 )
396 (
397 (
398 )
399 (
400 )
401 )
402 (
403 )
404 )
405 (
406 (
407 )
408 (
409 (
410 )
411 (
412 )
413 )
414 )
415 )
416 )
417 (
418 )
419 )
420 (
421 (
422 (
423 (
424 )
425 )
426 )
427 (
428 (
429 (
430 )
431 )
432 (
433 )
434 (
435 )
436 )
437 (
438 (
439 )
440 )
441 (
442 )
443 )
444 (
445 )
446 (
447 (
448 )
449 (
450 (
451 )
452 (
453 (
454 (
455 (
456 (
457 (
458 (
459 )
460 )
461 (
462 (
463 (
464 )
465 (
466 (
467 (
468 (
469 (
470 )
471 (
472 )
473 )
474 (
475 (
476 )
477 )
478 (
479 )
480 )
481 )
482 )
483 )
484 )
485 (
486 (
487 (
488 (
489 (
490 (
491 (
492 (
493 (
494 (
495 (
496 (
497 (
498 (
499 (
500 (
501 (
502 (
503 (
504 (
505 (
506 )
507 (
508 (
509 (
510 )
511 )
512 )
513 (
514 (
515 (
516 (
517 (
518 (
519 )
520 (
521 )
522 (
523 (
524 (
525 )
526 )
527 )
528 (
529 )
530 )
531 )
532 )
533 )
534 (
535 )
536 )
537 )
538 (
539 )
540 )
541 (
542 )
543 )
544 (
545 )
546 (
547 )
548 )
549 )
550 (
551 (
552 (
553 )
554 (
555 (
556 (
557 (
558 (
559 )
560 (
561 )
562 (
563 (
564 )
565 )
566 )
567 (
568 )
569 (
570 )
571 )
572 )
573 )
574 )
575 )
576 )
577 (
578 (
579 (
580 (
581 (
582 )
583 )
584 )
585 (
586 )
587 (
588 )
589 )
590 )
591 )
592 (
593 (
594 )
595 )
596 (
597 )
598 )
599 )
600 (
601 (
602 )
603 (
604 )
605 (
606 (
607 )
608 (
609 (
610 (
611 )
612 )
613 )
614 (
615 (
616 (
617 (
618 (
619 (
620 (
621 (
622 )
623 (
624 (
625 (
626 (
627 (
628 (
629 (
630 )
631 (
632 (
633 (
634 )
635 (
636 )
637 (
638 (
639 )
640 (
641 (
642 )
643 )
644 )
645 )
646 )
647 (
648 )
649 (
650 )
651 )
652 )
653 (
654 )
655 (
656 )
657 (
658 (
659 (
660 )
661 )
662 (
663 (
664 )
665 (
666 )
667 )
668 )
669 )
670 )
671 (
672 )
673 (
674 (
675 (
676 )
677 (
678 )
679 (
680 (
681 (
682 (
683 (
684 )
685 )
686 )
687 )
688 )
689 (
690 (
691 (
692 (
693 )
694 (
695 (
696 )
697 (
698 (
699 (
700 (
701 )
702 )
703 )
704 )
705 )
706 )
707 (
708 )
709 (
710 (
711 (
712 )
713 )
714 (
715 )
716 )
717 )
718 )
719 (
720 )
721 )
722 (
723 (
724 (
725 )
726 )
727 (
728 (
729 )
730 (
731 )
732 )
733 )
734 (
735 )
736 )
737 )
738 (
739 )
740 (
741 )
742 (
743 (
744 )
745 )
746 )
747 (
748 )
749 (
750 (
751 (
752 (
753 (
754 (
755 )
756 )
757 (
758 (
759 )
760 (
761 (
762 )
763 )
764 (
765 (
766 (
767 (
768 (
769 (
770 )
771 )
772 (
773 )
774 )
775 )
776 )
777 (
778 )
779 (
780 )
781 (
782 (
783 )
784 )
785 )
786 )
787 )
788 )
789 (
790 (
791 (
792 (
793 )
794 (
795 (
796 (
797 (
798 (
799 (
800 )
801 )
802 )
803 (
804 )
805 (
806 )
807 )
808 )
809 )
810 (
811 (
812 (
813 )
814 )
815 )
816 )
817 (
818 (
819 (
820 )
821 )
822 )
823 (
824 )
825 (
826 (
827 (
828 )
829 )
830 (
831 (
832 )
833 )
834 )
835 )
836 )
837 )
838 (
839 )
840 (
841 )
842 (
843 (
844 (
845 (
846 )
847 )
848 )
849 (
850 )
851 )
852 (
853 (
854 )
855 (
856 )
857 (
858 )
859 )
860 )
861 )
862 (
863 (
864 )
865 (
866 )
867 )
868 (
869 (
870 )
871 (
872 )
873 )
874 )
875 (
876 )
0 )
878 (
879 (
880 (
881 )
882 (
883 )
884 (
885 (
886 )
887 )
888 (
889 (
890 )
891 )
892 )
893 (
894 )
895 )
896 (
897 (
898 (
899 (
900 (
901 )
902 (
903 )
904 (
905 )
906 (
907 )
908 )
909 )
910 (
911 )
912 (
913 )
914 (
915 )
916 )
917 )
918 (
919 )
920 )
921 (
922 )
923 (
924 (
925 (
926 (
927 )
928 (
929 )
930 (
931 (
932 (
933 )
934 (
935 )
936 )
937 )
938 )
939 (
940 (
941 (
942 (
943 )
944 )
945 (
946 )
947 (
948 (
949 )
950 (
951 )
952 )
953 (
954 (
955 )
956 (
957 )
958 )
959 )
960 (
961 )
962 )
963 (
964 (
965 )
966 )
967 )
968 (
969 )
970 )
971 )
972 (
973 (
974 (
975 )
976 (
977 (
978 (
979 )
980 (
981 )
982 )
983 )
984 (
985 )
986 (
987 (
988 )
989 (
990 (
991 (
F 127 510
F 808 148
Q 610 798
F 779 0
F 334 335
F 915 522
F 774 154
Q 1 963
F 954 884
F 568 636
F 807 668
Q 174 266
Q 492 0
F 909 808
Q 410 383
Q 212 646
Q 218 715
F 218 767
F 399 262
Q 453 394
F 81 972
Q 951 448
F 458 595
F 658 349
Q 384 852
F 318 92
Q 132 726
Q 415 610
Q 375 582
Q 929 690
F 390 787
Q 465 210
F 544 198
Q 697 157
Q 151 268
F 279 187
F 18 587
F 469 847
F 538 205
F 633 158
Q 340 591
F 758 956
Q 256 128
Q 344 843
Q 451 411
F 83 983
F 562 191
F 790 853
Q 585 623
Q 343 250
Q 566 26
F 220 148
F 206 941
F 648 269
F 494 735
F 122 954
Q 79 31
Q 298 411
F 783 643
Q 310 82
Q 748 872
F 296 697
F 194 683
F 247 319
F 753 442
Q 781 368
Q 510 286
F 483 958
F 238 857
F 40 175
Q 770 953
Q 330 385
Q 707 930
F 495 461
Q 105 597
Q 893 570
Q 880 391
Q 992 419
F 147 617
F 686 168
F 77 387
Q 770 399
Q 739 323
Q 426 968
F 488 356
Q 705 9
Q 550 127
F 811 207
Q 29 541
F 425 622
F 802 453
F 649 156
Q 427 484
F 653 666
F 809 633
F 590 179
Q 793 874
F 69 45
Q 502 146
F 408 773
F 130 965
F 845 447
F 992 145
F 463 55
F 469 372
F 834 668
Q 471 101
F 831 916
Q 341 834
Q 183 440
F 409 795
Q 743 608
F 54 537
Q 399 261
Q 654 58
F 426 824
F 185 78
F 194 765
F 661 259
F 38 603
F 320 71
F 422 554
F 703 397
F 360 497
Q 659 175
Q 772 977
F 765 165
Q 909 671
F 803 515
F 621 837
Q 140 141
F 553 134
F 560 620
F 902 690
Q 53 76
Q 277 365
Q 361 803
Q 485 88
F 628 858
Q 531 968
F 786 161
Q 57 560
F 399 955
Q 188 717
Q 229 561
F 307 560
F 266 942
F 641 915
F 280 638
F 626 201
F 943 864
F 238 292
Q 3 264
F 81 192
Q 449 769
Q 772 900
F 339 27
F 351 407
F 46 676
F 445 628
Q 855 126
Q 958 102
Q 550 172
Q 919 71
Q 331 724
Q 211 976
Q 559 165
F 171 354
F 402 654
F 505 124
Q 692 318
F 557 324
F 86 725
Q 203 863
Q 574 867
Q 318 516
Q 563 702
F 932 692
F 925 634
Q 140 388
Q 550 551
F 379 668
Q 808 396
Q 398 110
F 667 495
F 552 307
Q 119 188
Q 353 93
Q 491 630
F 748 126
Q 56 241
Q 860 542
F 750 632
Q 797 929
F 920 541
F 177 366
F 940 566
F 427 990
Q 204 415
F 75 581
Q 737 42
Q 562 718
Q 552 645
F 512 251
Q 136 83
F 313 150
F 688 544
Q 205 669
F 58 737
Q 370 446
Q 194 536
Q 865 371
F 678 311
F 548 826
Q 521 538
F 13 884
F 605 216
F 828 463
Q 957 694
F 697 330
F 84 821
Q 153 626
F 342 124
F 487 278
F 126 265
Q 752 528
Q 508 732
Q 231 251
Q 493 431
Q 979 924
Q 552 303
F 657 514
Q 358 957
Q 663 175
Q 850 448
F 19 226
F 519 825
Q 116 575
Q 213 59
F 23 685
F 618 270
F 540 950
F 823 741
F 359 157
Q 447 383
F 742 498
Q 390 16
Q 877 401
F 959 837
Q 107 845
Q 661 785
F 866 540
Q 932 826
Q 941 716
Q 164 557
F 364 416
F 742 490
Q 121 285
F 408 545
Q 140 776
F 831 575
Q 330 34
Q 260 867
F 988 49
Q 665 752
Q 699 753
Q 217 183
F 880 718
F 987 902
F 277 317
F 33 331
Q 141 522
F 973 987
Q 950 302
Q 412 503
F 864 330
Q 387 258
Q 701 409
F 860 128
F 579 659
F 850 964
F 546 153
Q 969 632
F 61 966
Q 723 576
F 555 902
F 611 708
F 985 724
F 281 634
Q 956 801
F 727 247
F 768 213
F 820 495
Q 148 399
Q 595 808
Q 117 949
Q 745 936
Q 982 426
F 501 661
F 693 361
Q 94 290
Q 231 862
F 931 130
F 369 794
F 964 545
Q 954 937
Q 563 986
Q 136 915
Q 434 33
F 408 713
F 50 473
F 948 134
F 105 266
Q 749 114
F 813 181
Q 899 267
F 960 905
F 516 462
F 495 84
F 702 16
F 742 770
F 382 63
Q 890 118
F 269 454
F 751 807
F 259 754
F 898 371
Q 736 578
Q 472 763
Q 106 97
Q 278 860
Q 299 227
Q 434 460
F 250 182
F 897 225
Q 259 2
F 8 265
Q 463 435
Q 450 925
F 623 433
Q 443 53
Q 540 281
Q 559 818
F 221 991
Q 134 679
F 94 640
Q 147 65
Q 718 825
F 524 416
Q 750 907
F 79 371
F 255 377
Q 846 776
Q 268 423
Q 379 300
Q 355 145
F 389 475
Q 6 155
Q 16 780
F 873 418
F 47 188
Q 821 486
F 142 849
Q 431 965
F 59 5
F 464 2
F 144 813
Q 773 847
Q 957 66
Q 374 420
Q 583 803
F 789 830
Q 276 658
F 145 62
F 543 760
F 507 754
Q 961 554
F 261 718
F 660 844
Q 6 66
Q 98 136
Q 265 611
F 857 441
Q 494 774
F 223 274
F 719 563
F 867 538
Q 376 218
F 557 63
Q 304 503
F 715 550
F 475 745
Q 140 281
F 542 345
Q 962 800
F 556 976
F 173 366
F 518 565
F 736 437
F 761 242
F 895 499
Q 528 329
Q 340 683
Q 142 363
Q 465 729
F 206 603
F 415 472
F 68 422
F 104 565
F 275 564
Q 230 260
Q 866 929
Q 261 781
Q 897 281
Q 623 187
F 165 478
Q 163 778
F 896 7
F 612 310
F 835 906
Q 94 485
F 614 371
F 171 931
Q 798 793
F 661 981
Q 153 63
Q 643 463
F 356 769
Q 35 743
Q 680 910
Q 935 59
F 287 213
Q 514 382
F 293 853
F 330 629
Q 833 764
F 228 164
F 716 32
Q 48 437
Q 766 639
F 30 788
F 933 176
Q 294 138
Q 945 67
F 438 98
F 97 355
Q 436 23
Q 34 391
F 284 107
Q 389 555
Q 963 841
Q 540 152
F 733 68
Q 84 385
F 131 680
Q 659 643
Q 236 790
F 751 698
F 605 409
Q 924 54
F 967 424
Q 275 165
Q 633 366
Q 758 326
Q 984 57
F 806 870
Q 247 859
Q 350 478
Q 585 342
F 37 296
Q 622 615
F 406 732
Q 91 441
F 990 473
Q 501 563
F 538 263
Q 393 180
F 728 1
F 456 181
Q 460 322
F 671 748
Q 805 594
F 477 561
F 917 390
Q 56 67
F 817 240
F 357 196
Q 648 583
Q 873 989
F 672 753
Q 218 751
Q 411 609
Q 687 162
F 488 692
F 600 91
Q 521 86
F 947 581
Q 777 136
F 789 17
Q 883 537
F 22 750
F 65 789
Q 838 18
Q 537 831
Q 874 585
Q 950 670
Q 439 916
Q 762 334
F 945 645
F 980 28
F 465 427
F 604 595
Q 696 920
Q 622 326
Q 209 327
Q 190 380
F 370 877
F 450 139
F 665 521
Q 538 613
Q 569 802
F 269 695
Q 991 443
Q 828 496
F 924 39
Q 247 721
F 448 413
F 586 604
F 431 864
Q 95 607
Q 79 390
F 287 535
F 408 837
Q 404 684
F 354 947
F 959 845
Q 870 52
F 967 821
F 66 682
F 789 397
F 107 227
F 603 626
Q 609 952
F 714 372
Q 881 437
F 437 147
Q 52 44
Q 872 281
F 371 494
Q 510 233
Q 428 804
F 924 183
Q 905 497
F 584 826
Q 236 647
Q 573 932
F 801 557
F 149 116
Q 538 502
Q 114 470
Q 194 287
F 561 70
Q 96 105
Q 491 535
F 505 492
F 60 845
F 244 413
F 240 45
Q 842 672
Q 680 125
F 243 775
Q 16 775
F 123 529
F 675 17
Q 949 545
F 890 964
F 602 429
F 643 431
F 341 869
Q 486 472
F 385 363
Q 176 224
Q 726 278
F 638 353
Q 249 521
F 270 714
F 342 349
F 191 689
F 39 120
F 934 272
Q 717 590
F 152 927
Q 931 629
F 871 681
Q 758 454
F 597 79
F 856 149
Q 55 151
Q 746 592
F 601 944
F 741 518
F 440 55
Q 549 31
Q 461 835
F 875 947
Q 900 308
Q 820 977
Q 716 623
F 979 939
Q 877 798
F 960 64
Q 878 609
F 229 824
Q 299 567
F 567 447
Q 747 603
F 182 695
F 182 970
Q 884 560
F 677 709
F 343 338
F 654 85
Q 608 229
F 345 349
F 481 491
F 366 936
Q 831 499
Q 100 112
F 406 749
F 592 545
F 957 814
F 110 559
Q 154 93
F 668 314
F 24 151
Q 344 654
F 749 164
F 957 355
Q 774 933
F 815 400
Q 82 622
Q 754 511
Q 899 290
F 664 983
F 702 135
F 68 134
F 962 262
Q 659 671
Q 790 401
Q 603 516
F 489 191
Q 336 301
F 185 626
F 144 824
F 26 723
F 708 638
Q 242 542
Q 528 833
Q 725 838
Q 541 701
F 320 722
F 165 254
F 299 369
F 359 399
F 550 751
F 11 58
F 109 888
Q 612 65
Q 751 164
Q 14 280
Q 738 991
F 63 467
F 945 385
F 745 934
Q 375 462
F 559 200
Q 321 42
Q 623 143
Q 23 718
F 919 396
F 597 961
F 63 405
F 267 209
Q 432 703
Q 915 697
F 880 296
F 334 518
F 694 191
F 346 803
Q 131 225
F 140 785
Q 258 212
Q 925 716
Q 924 122
Q 747 647
Q 577 158
Q 104 251
F 147 484
Q 857 368
Q 449 119
F 242 419
F 300 788
F 777 290
F 192 725
F 648 981
F 512 735
F 454 256
Q 979 861
F 875 169
F 662 364
Q 512 624
F 134 390
F 741 736
Q 772 152
F 50 827
F 305 700
F 192 744
F 345 937
Q 378 692
F 545 624
Q 386 221
F 79 87
Q 611 909
Q 108 845
F 99 768
Q 615 693
Q 134 222
F 206 746
F 630 598
F 616 74
Q 357 954
F 980 241
Q 164 824
F 376 788
Q 639 633
Q 317 106
Q 289 330
F 50 666
Q 612 811
Q 240 899
Q 28 681
Q 918 924
Q 26 8
F 54 436
Q 166 223
Q 388 610
F 10 75
F 634 151
Q 697 880
Q 180 235
F 519 265
Q 565 834
Q 92 570
Q 129 381
F 167 404
Q 787 548
Q 622 875
F 710 198
Q 817 269
Q 706 71
F 124 532
Q 967 156
Q 719 40
Q 571 206
F 55 498
F 268 831
F 468 597
Q 849 245
Q 841 878
F 760 35
F 2 962
F 596 58
F 157 328
F 683 799
Q 506 667
F 758 104
Q 510 194
Q 324 304
F 140 824
F 695 678
Q 963 835
F 406 303
Q 12 572
Q 432 118
Q 224 713
F 66 688
Q 688 253
F 704 478
Q 394 709
F 700 28
F 473 79
F 616 754
F 418 840
F 197 695
F 288 25
F 570 606
Q 841 605
F 194 742
F 659 841
Q 721 984
Q 691 985
F 583 62
Q 410 103
F 66 100
F 596 426
F 875 187
F 855 502
Q 184 168
Q 561 919
Q 796 84
Q 443 763
F 204 890
F 274 597
Q 115 509
Q 462 623
F 182 15
Q 840 260
F 246 724
Q 181 425
F 302 509
Q 990 612
Q 390 270
F 943 33
F 260 541
F 539 593
Q 380 231
Q 454 452
Q 159 453
Q 95 9
F 101 262
Q 890 580
Q 714 314
F 598 786
Q 715 124
Q 159 66
F 370 960
F 119 645
F 976 835
F 714 729
Q 778 203
F 109 111
Q 869 874
Q 596 446
Q 506 792
F 449 473
Q 20 45
Q 22 417
F 465 197
F 677 424
F 655 761
Q 592 147
F 136 33
Q 755 839
F 95 248
Q 969 500
Q 687 656
Q 866 183
F 804 504
Q 791 137
Q 167 42
Q 348 717
Q 482 701
Q 378 402
Q 106 990
F 548 174
F 509 961
Q 406 710
F 65 493
F 300 926
F 753 883
Q 747 627
F 472 692
F 562 413
Q 149 610
Q 270 249
F 521 174
F 405 514
Q 629 413
Q 348 88
Q 853 392
Q 595 392
F 138 557
Q 174 879
Q 610 48
Q 4 200
F 173 817
Q 953 314
F 306 654
F 401 536
F 377 950
Q 660 980
Q 456 155
F 927 328
F 898 15
Q 504 482
F 506 416
Q 704 134
Q 394 594
Q 57 342
F 476 977
F 619 92
Q 380 816
Q 788 971
Q 139 713
Q 51 629
F 982 319
F 62 366
Q 694 929
Q 611 137
Q 323 149
Q 101 846
Q 269 161
Q 312 363
F 486 692
Q 472 261
F 299 379
Q 879 270
Q 398 763
F 36 583
F 13 5
Q 75 568
F 793 369
F 934 288
Q 314 367
F 562 90
Q 451 81
F 794 839
Q 98 213
F 60 490
Q 711 877
F 152 717
Q 648 518
Q 869 845
Q 856 904
F 345 227
Q 657 507
F 744 373
Q 669 48
Q 725 488
F 939 765
F 517 476
Q 170 322
F 603 84
Q 175 424
Q 795 835
Q 223 327
F 373 463
F 658 730
F 171 381
Q 341 983
F 681 620
Q 363 418
F 928 576
F 183 12
F 406 194
Q 679 443
Q 175 384
Q 969 890
Q 629 61
F 927 762
Q 391 636
F 416 275
Q 232 818
F 92 676
F 795 117
F 790 410
F 428 765
Q 322 25
F 110 794
F 308 224
Q 190 979
Q 840 33
Q 736 341
F 718 778
Q 486 726
Q 537 406
F 370 25
Q 240 704
Q 582 552
F 858 989
Q 39 457
Q 398 559
Q 529 288
Q 87 416
F 531 202
F 607 715
F 763 293
F 704 722
F 705 361
F 705 189
F 183 236
Q 487 4
Q 510 210
F 928 872
F 45 98
Q 806 714
Q 899 725
F 902 315
F 515 279
